FO_name;Subj_Name;Col_num;1;2;3;4;5;6
ДВФО;Амурская область;3;19427;11625;18058;10919;1369;706
ДВФО;Амурская область;4;1423;612;1172;477;251;135
ДВФО;Амурская область;5;1978;919;1779;823;199;96
ДВФО;Амурская область;6;2850;1355;2611;1195;239;160
ДВФО;Амурская область;7;3236;1430;3005;1307;231;123
ДВФО;Амурская область;8;2804;1788;2642;1712;162;76
ДВФО;Амурская область;9;2594;1934;2432;1864;162;70
ДВФО;Амурская область;10;1823;1490;1748;1463;75;27
ДВФО;Амурская область;11;1403;1112;1363;1101;40;11
ДВФО;Амурская область;12;816;641;809;634;7;7
ДВФО;Амурская область;13;500;344;497;343;3;1
ДВФО;Еврейская автономная область;3;3362;2712;2862;2341;500;371
ДВФО;Еврейская автономная область;4;186;117;102;68;84;49
ДВФО;Еврейская автономная область;5;253;166;187;129;66;37
ДВФО;Еврейская автономная область;6;320;204;251;166;69;38
ДВФО;Еврейская автономная область;7;373;313;305;252;68;61
ДВФО;Еврейская автономная область;8;634;552;556;488;78;64
ДВФО;Еврейская автономная область;9;557;474;517;435;40;39
ДВФО;Еврейская автономная область;10;452;374;420;347;32;27
ДВФО;Еврейская автономная область;11;290;260;258;231;32;29
ДВФО;Еврейская автономная область;12;189;165;171;150;18;15
ДВФО;Еврейская автономная область;13;108;87;95;75;13;12
ДВФО;Забайкальский край;3;26802;19105;23304;16556;3498;2549
ДВФО;Забайкальский край;4;1534;1068;1074;752;460;316
ДВФО;Забайкальский край;5;3103;2041;2700;1749;403;292
ДВФО;Забайкальский край;6;3786;2542;3174;2104;612;438
ДВФО;Забайкальский край;7;4511;3042;3834;2569;677;473
ДВФО;Забайкальский край;8;3836;2775;3365;2423;471;352
ДВФО;Забайкальский край;9;3546;2395;3158;2086;388;309
ДВФО;Забайкальский край;10;2973;2495;2695;2275;278;220
ДВФО;Забайкальский край;11;1964;1602;1821;1492;143;110
ДВФО;Забайкальский край;12;1018;796;980;776;38;20
ДВФО;Забайкальский край;13;531;349;503;330;28;19
ДВФО;Камчатский край;3;18605;9206;17698;8607;907;599
ДВФО;Камчатский край;4;2514;1147;2208;916;306;231
ДВФО;Камчатский край;5;1828;824;1693;720;135;104
ДВФО;Камчатский край;6;2749;1156;2606;1068;143;88
ДВФО;Камчатский край;7;2879;1141;2800;1097;79;44
ДВФО;Камчатский край;8;2895;1363;2804;1297;91;66
ДВФО;Камчатский край;9;2000;1299;1918;1261;82;38
ДВФО;Камчатский край;10;1614;914;1581;893;33;21
ДВФО;Камчатский край;11;1214;676;1195;672;19;4
ДВФО;Камчатский край;12;578;415;562;413;16;2
ДВФО;Камчатский край;13;334;271;331;270;3;1
ДВФО;Магаданская область;3;4941;3686;4712;3561;229;125
ДВФО;Магаданская область;4;152;116;131;97;21;19
ДВФО;Магаданская область;5;428;327;402;308;26;19
ДВФО;Магаданская область;6;566;370;530;350;36;20
ДВФО;Магаданская область;7;699;498;662;480;37;18
ДВФО;Магаданская область;8;769;551;721;524;48;27
ДВФО;Магаданская область;9;785;664;753;652;32;12
ДВФО;Магаданская область;10;667;447;653;441;14;6
ДВФО;Магаданская область;11;452;352;443;352;9;0
ДВФО;Магаданская область;12;263;211;259;208;4;3
ДВФО;Магаданская область;13;160;150;158;149;2;1
ДВФО;Приморский край;3;58488;29871;53539;26812;4949;3059
ДВФО;Приморский край;4;7067;3251;6051;2643;1016;608
ДВФО;Приморский край;5;6571;3041;5955;2596;616;445
ДВФО;Приморский край;6;8082;3141;7212;2635;870;506
ДВФО;Приморский край;7;7986;3660;7263;3227;723;433
ДВФО;Приморский край;8;7477;4196;6940;3857;537;339
ДВФО;Приморский край;9;7165;3977;6611;3633;554;344
ДВФО;Приморский край;10;5703;3422;5370;3229;333;193
ДВФО;Приморский край;11;4504;2531;4342;2424;162;107
ДВФО;Приморский край;12;2638;1790;2551;1736;87;54
ДВФО;Приморский край;13;1295;862;1244;832;51;30
ДВФО;Республика Бурятия;3;12255;8458;8863;6157;3392;2301
ДВФО;Республика Бурятия;4;958;642;618;400;340;242
ДВФО;Республика Бурятия;5;1116;728;718;491;398;237
ДВФО;Республика Бурятия;6;2065;1403;1451;1010;614;393
ДВФО;Республика Бурятия;7;2139;1483;1589;1095;550;388
ДВФО;Республика Бурятия;8;2250;1608;1670;1185;580;423
ДВФО;Республика Бурятия;9;1840;1368;1265;935;575;433
ДВФО;Республика Бурятия;10;911;567;699;444;212;123
ДВФО;Республика Бурятия;11;537;358;463;315;74;43
ДВФО;Республика Бурятия;12;263;172;229;160;34;12
ДВФО;Республика Бурятия;13;176;129;161;122;15;7
ДВФО;Республика Саха (Якутия);3;40860;27270;37536;25173;3324;2097
ДВФО;Республика Саха (Якутия);4;2490;1423;2048;1179;442;244
ДВФО;Республика Саха (Якутия);5;4567;2894;3971;2538;596;356
ДВФО;Республика Саха (Якутия);6;7640;4000;6855;3498;785;502
ДВФО;Республика Саха (Якутия);7;5701;3901;5262;3642;439;259
ДВФО;Республика Саха (Якутия);8;5619;4288;5288;4058;331;230
ДВФО;Республика Саха (Якутия);9;4666;3417;4403;3236;263;181
ДВФО;Республика Саха (Якутия);10;4199;3115;3962;2940;237;175
ДВФО;Республика Саха (Якутия);11;3501;2435;3328;2329;173;106
ДВФО;Республика Саха (Якутия);12;1734;1230;1685;1192;49;38
ДВФО;Республика Саха (Якутия);13;743;567;734;561;9;6
ДВФО;Сахалинская область;3;26085;8597;25038;8072;1047;525
ДВФО;Сахалинская область;4;1227;465;1144;415;83;50
ДВФО;Сахалинская область;5;2709;973;2585;897;124;76
ДВФО;Сахалинская область;6;3964;1370;3730;1244;234;126
ДВФО;Сахалинская область;7;4277;1442;4049;1315;228;127
ДВФО;Сахалинская область;8;3575;1374;3441;1314;134;60
ДВФО;Сахалинская область;9;3240;1110;3127;1066;113;44
ДВФО;Сахалинская область;10;3401;783;3346;760;55;23
ДВФО;Сахалинская область;11;2699;612;2648;597;51;15
ДВФО;Сахалинская область;12;758;310;739;306;19;4
ДВФО;Сахалинская область;13;235;158;229;158;6;0
ДВФО;Хабаровский край;3;70418;40516;63987;37246;6431;3270
ДВФО;Хабаровский край;4;5081;3297;4320;2902;761;395
ДВФО;Хабаровский край;5;6809;3819;6056;3411;753;408
ДВФО;Хабаровский край;6;10254;5293;9148;4783;1106;510
ДВФО;Хабаровский край;7;11708;5582;10556;5051;1152;531
ДВФО;Хабаровский край;8;11179;6146;10134;5626;1045;520
ДВФО;Хабаровский край;9;10003;5829;9195;5427;808;402
ДВФО;Хабаровский край;10;6278;4118;5814;3822;464;296
ДВФО;Хабаровский край;11;4532;3167;4312;3032;220;135
ДВФО;Хабаровский край;12;2859;2041;2790;1997;69;44
ДВФО;Хабаровский край;13;1715;1224;1662;1195;53;29
ДВФО;Чукотский автономный округ;3;1895;1368;1895;1368;0;0
ДВФО;Чукотский автономный округ;4;49;32;49;32;0;0
ДВФО;Чукотский автономный округ;5;122;79;122;79;0;0
ДВФО;Чукотский автономный округ;6;413;183;413;183;0;0
ДВФО;Чукотский автономный округ;7;269;222;269;222;0;0
ДВФО;Чукотский автономный округ;8;406;271;406;271;0;0
ДВФО;Чукотский автономный округ;9;218;200;218;200;0;0
ДВФО;Чукотский автономный округ;10;163;139;163;139;0;0
ДВФО;Чукотский автономный округ;11;143;136;143;136;0;0
ДВФО;Чукотский автономный округ;12;76;72;76;72;0;0
ДВФО;Чукотский автономный округ;13;36;34;36;34;0;0
ПФО;Кировская область;3;36858;18322;30514;16206;6344;2116
ПФО;Кировская область;4;2116;1156;1164;689;952;467
ПФО;Кировская область;5;5204;1567;4146;1288;1058;279
ПФО;Кировская область;6;7150;3027;5875;2619;1275;408
ПФО;Кировская область;7;6393;3362;5231;2982;1162;380
ПФО;Кировская область;8;5645;3175;4752;2894;893;281
ПФО;Кировская область;9;4439;2422;3978;2261;461;161
ПФО;Кировская область;10;2771;1577;2461;1469;310;108
ПФО;Кировская область;11;1793;1178;1672;1153;121;25
ПФО;Кировская область;12;868;579;758;573;110;6
ПФО;Кировская область;13;479;279;477;278;2;1
ПФО;Нижегородская область;3;104764;72285;94969;66064;9795;6221
ПФО;Нижегородская область;4;10329;6370;8156;4866;2173;1504
ПФО;Нижегородская область;5;10723;7266;9537;6484;1186;782
ПФО;Нижегородская область;6;15210;9465;13303;8482;1907;983
ПФО;Нижегородская область;7;14947;10217;13478;9336;1469;881
ПФО;Нижегородская область;8;14015;9580;12949;8904;1066;676
ПФО;Нижегородская область;9;13002;9826;12265;9320;737;506
ПФО;Нижегородская область;10;10481;7212;10099;6949;382;263
ПФО;Нижегородская область;11;8057;6088;7830;5939;227;149
ПФО;Нижегородская область;12;4598;3635;4088;3233;510;402
ПФО;Нижегородская область;13;3402;2626;3264;2551;138;75
ПФО;Оренбургская область;3;85658;34242;76927;29324;8731;4918
ПФО;Оренбургская область;4;5334;2153;4069;1365;1265;788
ПФО;Оренбургская область;5;11875;3038;10837;2514;1038;524
ПФО;Оренбургская область;6;12997;5173;11586;4449;1411;724
ПФО;Оренбургская область;7;14192;5586;12665;4796;1527;790
ПФО;Оренбургская область;8;14126;5752;12857;5030;1269;722
ПФО;Оренбургская область;9;12423;5527;11433;4945;990;582
ПФО;Оренбургская область;10;8017;3485;7406;3120;611;365
ПФО;Оренбургская область;11;4327;2349;3926;2069;401;280
ПФО;Оренбургская область;12;1747;849;1593;752;154;97
ПФО;Оренбургская область;13;620;330;555;284;65;46
ПФО;Пензенская область;3;54660;26577;45245;22370;9415;4207
ПФО;Пензенская область;4;3508;1488;2493;973;1015;515
ПФО;Пензенская область;5;6998;3081;5704;2566;1294;515
ПФО;Пензенская область;6;9367;4089;7922;3481;1445;608
ПФО;Пензенская область;7;8189;4496;6262;3579;1927;917
ПФО;Пензенская область;8;8138;4053;6557;3183;1581;870
ПФО;Пензенская область;9;7623;3937;6725;3593;898;344
ПФО;Пензенская область;10;5296;2444;4633;2220;663;224
ПФО;Пензенская область;11;3242;1799;2915;1660;327;139
ПФО;Пензенская область;12;1647;924;1458;872;189;52
ПФО;Пензенская область;13;652;266;576;243;76;23
ПФО;Пермский край;3;171829;82773;154548;72473;17281;10300
ПФО;Пермский край;4;12258;4572;10475;3479;1783;1093
ПФО;Пермский край;5;18044;8841;15923;7551;2121;1290
ПФО;Пермский край;6;25174;11661;22551;10191;2623;1470
ПФО;Пермский край;7;30078;13655;27011;11994;3067;1661
ПФО;Пермский край;8;36706;16320;33919;14572;2787;1748
ПФО;Пермский край;9;19710;11385;17600;10221;2110;1164
ПФО;Пермский край;10;15861;7897;14384;6966;1477;931
ПФО;Пермский край;11;9592;5427;8659;4718;933;709
ПФО;Пермский край;12;3179;2173;2895;1981;284;192
ПФО;Пермский край;13;1227;842;1131;800;96;42
ПФО;Республика Башкортостан;3;134994;71708;119952;64386;15042;7322
ПФО;Республика Башкортостан;4;9812;5108;7333;4008;2479;1100
ПФО;Республика Башкортостан;5;17185;9144;15281;8105;1904;1039
ПФО;Республика Башкортостан;6;21702;10524;19551;9430;2151;1094
ПФО;Республика Башкортостан;7;22596;11922;20306;10588;2290;1334
ПФО;Республика Башкортостан;8;21725;12303;19751;11251;1974;1052
ПФО;Республика Башкортостан;9;18178;8791;16726;8073;1452;718
ПФО;Республика Башкортостан;10;11201;6867;9946;6255;1255;612
ПФО;Республика Башкортостан;11;7205;4341;6469;4095;736;246
ПФО;Республика Башкортостан;12;3539;1848;3156;1778;383;70
ПФО;Республика Башкортостан;13;1851;860;1433;803;418;57
ПФО;Республика Марий Эл;3;38030;19732;33372;17311;4658;2421
ПФО;Республика Марий Эл;4;2070;1097;1589;746;481;351
ПФО;Республика Марий Эл;5;3341;1700;2765;1372;576;328
ПФО;Республика Марий Эл;6;5481;2814;4781;2506;700;308
ПФО;Республика Марий Эл;7;7153;4390;6293;3910;860;480
ПФО;Республика Марий Эл;8;6543;3454;5923;3120;620;334
ПФО;Республика Марий Эл;9;5557;2763;5058;2514;499;249
ПФО;Республика Марий Эл;10;3941;1980;3570;1794;371;186
ПФО;Республика Марий Эл;11;2713;1071;2421;969;292;102
ПФО;Республика Марий Эл;12;884;304;721;253;163;51
ПФО;Республика Марий Эл;13;347;159;251;127;96;32
ПФО;Республика Мордовия;3;57615;30328;53808;28520;3807;1808
ПФО;Республика Мордовия;4;3802;2792;2635;2089;1167;703
ПФО;Республика Мордовия;5;3795;1896;3427;1735;368;161
ПФО;Республика Мордовия;6;5759;2586;5383;2403;376;183
ПФО;Республика Мордовия;7;6649;3454;6228;3232;421;222
ПФО;Республика Мордовия;8;13104;6282;12587;6062;517;220
ПФО;Республика Мордовия;9;12128;7245;11590;7074;538;171
ПФО;Республика Мордовия;10;8771;3697;8446;3595;325;102
ПФО;Республика Мордовия;11;2548;1592;2466;1553;82;39
ПФО;Республика Мордовия;12;935;706;923;699;12;7
ПФО;Республика Мордовия;13;124;78;123;78;1;0
ПФО;Республика Татарстан;3;184470;105555;163403;92619;21067;12936
ПФО;Республика Татарстан;4;14951;7719;11269;5401;3682;2318
ПФО;Республика Татарстан;5;23739;13228;20831;11442;2908;1786
ПФО;Республика Татарстан;6;31711;17978;28008;15760;3703;2218
ПФО;Республика Татарстан;7;31419;18330;28027;16225;3392;2105
ПФО;Республика Татарстан;8;28571;16916;25560;14986;3011;1930
ПФО;Республика Татарстан;9;23003;13890;20799;12467;2204;1423
ПФО;Республика Татарстан;10;15126;9084;13932;8303;1194;781
ПФО;Республика Татарстан;11;9806;5222;9131;4950;675;272
ПФО;Республика Татарстан;12;3926;2139;3661;2051;265;88
ПФО;Республика Татарстан;13;2218;1049;2185;1034;33;15
ПФО;Самарская область;3;270744;137399;247946;127230;22798;10169
ПФО;Самарская область;4;17444;6347;14469;5106;2975;1241
ПФО;Самарская область;5;27982;12395;24514;11027;3468;1368
ПФО;Самарская область;6;39196;17715;35408;16104;3788;1611
ПФО;Самарская область;7;47360;22949;43464;21162;3896;1787
ПФО;Самарская область;8;44415;22731;40684;21087;3731;1644
ПФО;Самарская область;9;39372;21665;36934;20445;2438;1220
ПФО;Самарская область;10;26419;15794;25050;15100;1369;694
ПФО;Самарская область;11;17298;10733;16528;10308;770;425
ПФО;Самарская область;12;7492;4772;7223;4643;269;129
ПФО;Самарская область;13;3766;2298;3672;2248;94;50
ПФО;Саратовская область;3;59651;32036;38994;19437;20657;12599
ПФО;Саратовская область;4;6499;3216;2869;1148;3630;2068
ПФО;Саратовская область;5;6102;3033;3817;1604;2285;1429
ПФО;Саратовская область;6;7803;4270;4386;2252;3417;2018
ПФО;Саратовская область;7;9287;5370;5625;3022;3662;2348
ПФО;Саратовская область;8;8492;5015;5682;3132;2810;1883
ПФО;Саратовская область;9;7379;4587;5142;3009;2237;1578
ПФО;Саратовская область;10;6969;3027;5940;2444;1029;583
ПФО;Саратовская область;11;3170;1754;2327;1335;843;419
ПФО;Саратовская область;12;1803;1007;1291;809;512;198
ПФО;Саратовская область;13;2147;757;1915;682;232;75
ПФО;Удмуртская Республика;3;59519;34549;53580;30861;5939;3688
ПФО;Удмуртская Республика;4;3672;2129;2607;1477;1065;652
ПФО;Удмуртская Республика;5;5096;3054;4478;2660;618;394
ПФО;Удмуртская Республика;6;8348;4438;7507;3899;841;539
ПФО;Удмуртская Республика;7;11694;5407;10708;4870;986;537
ПФО;Удмуртская Республика;8;11001;6146;10135;5610;866;536
ПФО;Удмуртская Республика;9;9898;6653;9064;6069;834;584
ПФО;Удмуртская Республика;10;5275;3542;4846;3260;429;282
ПФО;Удмуртская Республика;11;3170;2253;2981;2141;189;112
ПФО;Удмуртская Республика;12;915;622;837;581;78;41
ПФО;Удмуртская Республика;13;450;305;417;294;33;11
ПФО;Ульяновская область;3;45669;19968;39327;17720;6342;2248
ПФО;Ульяновская область;4;4095;1566;3356;1240;739;326
ПФО;Ульяновская область;5;4406;2327;3637;2049;769;278
ПФО;Ульяновская область;6;5758;3028;5122;2691;636;337
ПФО;Ульяновская область;7;6681;3721;5914;3334;767;387
ПФО;Ульяновская область;8;7983;2787;7227;2406;756;381
ПФО;Ульяновская область;9;7877;2407;5888;2170;1989;237
ПФО;Ульяновская область;10;4718;2143;4394;1986;324;157
ПФО;Ульяновская область;11;2585;1219;2354;1124;231;95
ПФО;Ульяновская область;12;1171;568;1102;538;69;30
ПФО;Ульяновская область;13;395;202;333;182;62;20
ПФО;Чувашская Республика — Чувашия;3;51837;30794;45765;27224;6072;3570
ПФО;Чувашская Республика — Чувашия;4;4763;3051;3881;2403;882;648
ПФО;Чувашская Республика — Чувашия;5;5370;3013;4539;2492;831;521
ПФО;Чувашская Республика — Чувашия;6;7809;3713;6946;3143;863;570
ПФО;Чувашская Республика — Чувашия;7;8455;5121;7054;4382;1401;739
ПФО;Чувашская Республика — Чувашия;8;7961;4789;7082;4274;879;515
ПФО;Чувашская Республика — Чувашия;9;6798;4287;6224;3992;574;295
ПФО;Чувашская Республика — Чувашия;10;5257;3383;4935;3225;322;158
ПФО;Чувашская Республика — Чувашия;11;3246;2024;3026;1939;220;85
ПФО;Чувашская Республика — Чувашия;12;1433;956;1368;934;65;22
ПФО;Чувашская Республика — Чувашия;13;745;457;710;440;35;17
СЗФО;Архангельская область;3;40991;22276;36435;20066;4556;2210
СЗФО;Архангельская область;4;3150;1300;2509;1021;641;279
СЗФО;Архангельская область;5;4214;1870;3575;1613;639;257
СЗФО;Архангельская область;6;6339;3256;5271;2639;1068;617
СЗФО;Архангельская область;7;6002;3349;5215;2947;787;402
СЗФО;Архангельская область;8;6769;3876;6131;3608;638;268
СЗФО;Архангельская область;9;5739;3387;5326;3181;413;206
СЗФО;Архангельская область;10;3808;2196;3563;2080;245;116
СЗФО;Архангельская область;11;2753;1711;2678;1673;75;38
СЗФО;Архангельская область;12;1403;868;1367;850;36;18
СЗФО;Архангельская область;13;814;463;800;454;14;9
СЗФО;Вологодская область;3;63931;27415;59064;25936;4867;1479
СЗФО;Вологодская область;4;3994;1237;3092;984;902;253
СЗФО;Вологодская область;5;5790;2165;4943;1933;847;232
СЗФО;Вологодская область;6;9847;3842;8572;3547;1275;295
СЗФО;Вологодская область;7;12372;4658;11461;4328;911;330
СЗФО;Вологодская область;8;11300;4697;10915;4533;385;164
СЗФО;Вологодская область;9;8488;4344;8221;4234;267;110
СЗФО;Вологодская область;10;6520;3386;6369;3328;151;58
СЗФО;Вологодская область;11;3971;2025;3867;1998;104;27
СЗФО;Вологодская область;12;1253;773;1234;766;19;7
СЗФО;Вологодская область;13;396;288;390;285;6;3
СЗФО;Калининградская область;3;83998;32056;78492;30115;5506;1941
СЗФО;Калининградская область;4;4822;1382;3966;1132;856;250
СЗФО;Калининградская область;5;8782;3232;8160;2945;622;287
СЗФО;Калининградская область;6;13527;4729;12371;4273;1156;456
СЗФО;Калининградская область;7;12859;5001;11982;4714;877;287
СЗФО;Калининградская область;8;12859;5256;12128;5018;731;238
СЗФО;Калининградская область;9;11405;4852;10820;4646;585;206
СЗФО;Калининградская область;10;8910;3570;8574;3443;336;127
СЗФО;Калининградская область;11;6356;2529;6146;2464;210;65
СЗФО;Калининградская область;12;3038;1075;2938;1057;100;18
СЗФО;Калининградская область;13;1440;430;1407;423;33;7
СЗФО;Ленинградская область;3;18497;13916;15351;12892;3146;1024
СЗФО;Ленинградская область;4;1120;472;569;416;551;56
СЗФО;Ленинградская область;5;1638;1018;1172;916;466;102
СЗФО;Ленинградская область;6;2152;1508;1648;1374;504;134
СЗФО;Ленинградская область;7;2314;1708;1904;1565;410;143
СЗФО;Ленинградская область;8;2594;2037;2204;1881;390;156
СЗФО;Ленинградская область;9;2959;2325;2576;2178;383;147
СЗФО;Ленинградская область;10;2255;1945;2033;1835;222;110
СЗФО;Ленинградская область;11;2022;1622;1897;1524;125;98
СЗФО;Ленинградская область;12;940;843;877;789;63;54
СЗФО;Ленинградская область;13;503;438;471;414;32;24
СЗФО;Мурманская область;3;32908;12713;31265;11713;1643;1000
СЗФО;Мурманская область;4;1454;476;1193;307;261;169
СЗФО;Мурманская область;5;4424;1050;4131;852;293;198
СЗФО;Мурманская область;6;5845;1564;5542;1383;303;181
СЗФО;Мурманская область;7;5799;1657;5535;1500;264;157
СЗФО;Мурманская область;8;4897;1917;4675;1795;222;122
СЗФО;Мурманская область;9;3811;1808;3650;1707;161;101
СЗФО;Мурманская область;10;2892;1671;2811;1637;81;34
СЗФО;Мурманская область;11;2062;1257;2024;1236;38;21
СЗФО;Мурманская область;12;1086;820;1072;807;14;13
СЗФО;Мурманская область;13;638;493;632;489;6;4
СЗФО;Ненецкий автономный округ;3;1738;188;1601;171;137;17
СЗФО;Ненецкий автономный округ;4;79;15;12;8;67;7
СЗФО;Ненецкий автономный округ;5;98;19;77;15;21;4
СЗФО;Ненецкий автономный округ;6;324;27;314;27;10;0
СЗФО;Ненецкий автономный округ;7;468;39;445;33;23;6
СЗФО;Ненецкий автономный округ;8;273;24;269;24;4;0
СЗФО;Ненецкий автономный округ;9;328;19;320;19;8;0
СЗФО;Ненецкий автономный округ;10;99;19;95;19;4;0
СЗФО;Ненецкий автономный округ;11;38;11;38;11;0;0
СЗФО;Ненецкий автономный округ;12;16;5;16;5;0;0
СЗФО;Ненецкий автономный округ;13;15;10;15;10;0;0
СЗФО;Новгородская область;3;13609;8731;11256;7369;2353;1362
СЗФО;Новгородская область;4;979;624;749;444;230;180
СЗФО;Новгородская область;5;1250;819;921;624;329;195
СЗФО;Новгородская область;6;1872;1170;1425;963;447;207
СЗФО;Новгородская область;7;2262;1422;1848;1202;414;220
СЗФО;Новгородская область;8;2292;1385;1996;1243;296;142
СЗФО;Новгородская область;9;1842;1237;1539;1064;303;173
СЗФО;Новгородская область;10;1447;975;1281;848;166;127
СЗФО;Новгородская область;11;1000;669;910;607;90;62
СЗФО;Новгородская область;12;449;281;414;265;35;16
СЗФО;Новгородская область;13;216;149;173;109;43;40
СЗФО;Псковская область;3;11838;8614;10054;7938;1784;676
СЗФО;Псковская область;4;1060;553;444;249;616;304
СЗФО;Псковская область;5;1143;720;929;683;214;37
СЗФО;Псковская область;6;1451;975;1208;903;243;72
СЗФО;Псковская область;7;1646;1126;1440;1040;206;86
СЗФО;Псковская область;8;1542;1194;1384;1126;158;68
СЗФО;Псковская область;9;1570;1193;1414;1147;156;46
СЗФО;Псковская область;10;1302;1032;1217;1007;85;25
СЗФО;Псковская область;11;1048;892;987;876;61;16
СЗФО;Псковская область;12;605;522;580;511;25;11
СЗФО;Псковская область;13;471;407;451;396;20;11
СЗФО;Республика Карелия;3;23210;14265;21537;13331;1673;934
СЗФО;Республика Карелия;4;853;411;761;343;92;68
СЗФО;Республика Карелия;5;1941;1023;1789;942;152;81
СЗФО;Республика Карелия;6;3699;2317;3454;2184;245;133
СЗФО;Республика Карелия;7;5853;3211;5530;3034;323;177
СЗФО;Республика Карелия;8;4028;2848;3684;2663;344;185
СЗФО;Республика Карелия;9;3130;2229;2805;2038;325;191
СЗФО;Республика Карелия;10;2098;1306;1968;1240;130;66
СЗФО;Республика Карелия;11;908;545;865;523;43;22
СЗФО;Республика Карелия;12;397;231;383;221;14;10
СЗФО;Республика Карелия;13;303;144;298;143;5;1
СЗФО;Республика Коми;3;45833;17039;41597;15682;4236;1357
СЗФО;Республика Коми;4;2767;897;1994;642;773;255
СЗФО;Республика Коми;5;5673;1728;4864;1524;809;204
СЗФО;Республика Коми;6;7626;2634;6754;2355;872;279
СЗФО;Республика Коми;7;8499;2954;7825;2716;674;238
СЗФО;Республика Коми;8;7874;2734;7422;2574;452;160
СЗФО;Республика Коми;9;5942;2373;5604;2261;338;112
СЗФО;Республика Коми;10;4235;1859;4011;1792;224;67
СЗФО;Республика Коми;11;2158;1141;2081;1108;77;33
СЗФО;Республика Коми;12;737;474;725;469;12;5
СЗФО;Республика Коми;13;322;245;317;241;5;4
СЗФО;Санкт-Петербург;3;323289;176111;302399;161821;20890;14290
СЗФО;Санкт-Петербург;4;15567;7948;13462;6515;2105;1433
СЗФО;Санкт-Петербург;5;31256;15230;28243;13223;3013;2007
СЗФО;Санкт-Петербург;6;45758;24448;42262;22228;3496;2220
СЗФО;Санкт-Петербург;7;56219;28298;52716;25973;3503;2325
СЗФО;Санкт-Петербург;8;48396;28675;45235;26382;3161;2293
СЗФО;Санкт-Петербург;9;44706;24764;42100;22926;2606;1838
СЗФО;Санкт-Петербург;10;31794;18837;30359;17805;1435;1032
СЗФО;Санкт-Петербург;11;25543;13803;24615;13128;928;675
СЗФО;Санкт-Петербург;12;14019;7942;13592;7626;427;316
СЗФО;Санкт-Петербург;13;10031;6166;9815;6015;216;151
СКФО;Кабардино-Балкарская Республика;3;28760;18371;24225;16336;4535;2035
СКФО;Кабардино-Балкарская Республика;4;4278;2315;3427;1980;851;335
СКФО;Кабардино-Балкарская Республика;5;3582;1925;2781;1611;801;314
СКФО;Кабардино-Балкарская Республика;6;4024;2452;3218;2061;806;391
СКФО;Кабардино-Балкарская Республика;7;3844;2502;3122;2206;722;296
СКФО;Кабардино-Балкарская Республика;8;4315;3021;3711;2706;604;315
СКФО;Кабардино-Балкарская Республика;9;3061;2181;2688;1978;373;203
СКФО;Кабардино-Балкарская Республика;10;2275;1684;2079;1587;196;97
СКФО;Кабардино-Балкарская Республика;11;1914;1402;1808;1349;106;53
СКФО;Кабардино-Балкарская Республика;12;856;540;806;518;50;22
СКФО;Кабардино-Балкарская Республика;13;611;349;585;340;26;9
СКФО;Карачаево-Черкесская Республика;3;6103;4939;5710;4698;393;241
СКФО;Карачаево-Черкесская Республика;4;550;383;545;378;5;5
СКФО;Карачаево-Черкесская Республика;5;575;537;534;508;41;29
СКФО;Карачаево-Черкесская Республика;6;727;561;632;546;95;15
СКФО;Карачаево-Черкесская Республика;7;885;595;812;549;73;46
СКФО;Карачаево-Черкесская Республика;8;1142;1089;1084;1044;58;45
СКФО;Карачаево-Черкесская Республика;9;994;928;944;888;50;40
СКФО;Карачаево-Черкесская Республика;10;401;343;356;303;45;40
СКФО;Карачаево-Черкесская Республика;11;298;262;284;253;14;9
СКФО;Карачаево-Черкесская Республика;12;270;121;261;112;9;9
СКФО;Карачаево-Черкесская Республика;13;261;120;258;117;3;3
СКФО;Республика Дагестан;3;13593;8298;10906;6366;2687;1932
СКФО;Республика Дагестан;4;1001;535;811;424;190;111
СКФО;Республика Дагестан;5;1046;722;730;466;316;256
СКФО;Республика Дагестан;6;2733;1455;2285;1078;448;377
СКФО;Республика Дагестан;7;2239;1369;1753;1037;486;332
СКФО;Республика Дагестан;8;1881;1258;1473;916;408;342
СКФО;Республика Дагестан;9;1352;802;1015;594;337;208
СКФО;Республика Дагестан;10;1202;881;1028;801;174;80
СКФО;Республика Дагестан;11;1009;677;808;525;201;152
СКФО;Республика Дагестан;12;547;273;471;230;76;43
СКФО;Республика Дагестан;13;583;326;532;295;51;31
СКФО;Республика Ингушетия;3;2934;1157;2882;1148;52;9
СКФО;Республика Ингушетия;4;118;15;103;13;15;2
СКФО;Республика Ингушетия;5;275;141;265;139;10;2
СКФО;Республика Ингушетия;6;640;346;630;344;10;2
СКФО;Республика Ингушетия;7;678;277;668;276;10;1
СКФО;Республика Ингушетия;8;447;174;440;172;7;2
СКФО;Республика Ингушетия;9;447;103;447;103;0;0
СКФО;Республика Ингушетия;10;198;67;198;67;0;0
СКФО;Республика Ингушетия;11;124;34;124;34;0;0
СКФО;Республика Ингушетия;12;7;0;7;0;0;0
СКФО;Республика Ингушетия;13;0;0;0;0;0;0
СКФО;Республика Северная Осетия — Алания;3;10016;7590;7977;6323;2039;1267
СКФО;Республика Северная Осетия — Алания;4;899;483;446;304;453;179
СКФО;Республика Северная Осетия — Алания;5;1102;759;798;543;304;216
СКФО;Республика Северная Осетия — Алания;6;1436;1138;1130;909;306;229
СКФО;Республика Северная Осетия — Алания;7;1432;1168;1200;1016;232;152
СКФО;Республика Северная Осетия — Алания;8;1389;1084;1106;920;283;164
СКФО;Республика Северная Осетия — Алания;9;1266;1095;1100;972;166;123
СКФО;Республика Северная Осетия — Алания;10;833;672;697;570;136;102
СКФО;Республика Северная Осетия — Алания;11;716;577;637;526;79;51
СКФО;Республика Северная Осетия — Алания;12;490;330;450;308;40;22
СКФО;Республика Северная Осетия — Алания;13;453;284;413;255;40;29
СКФО;Ставропольский край;3;83264;52483;71812;45000;11452;7483
СКФО;Ставропольский край;4;14540;8763;10910;6623;3630;2140
СКФО;Ставропольский край;5;9537;6210;8024;5203;1513;1007
СКФО;Ставропольский край;6;10200;6635;8711;5604;1489;1031
СКФО;Ставропольский край;7;10674;6752;9102;5650;1572;1102
СКФО;Ставропольский край;8;11024;6906;9737;6024;1287;882
СКФО;Ставропольский край;9;9917;6303;8968;5643;949;660
СКФО;Ставропольский край;10;7391;4727;6905;4399;486;328
СКФО;Ставропольский край;11;5858;3538;5532;3312;326;226
СКФО;Ставропольский край;12;2735;1737;2600;1661;135;76
СКФО;Ставропольский край;13;1388;912;1323;881;65;31
СКФО;Чеченская Республика;3;21806;16985;20135;15714;1671;1271
СКФО;Чеченская Республика;4;3141;2556;2646;2165;495;391
СКФО;Чеченская Республика;5;2567;2112;2112;1762;455;350
СКФО;Чеченская Республика;6;1656;1310;1418;1132;238;178
СКФО;Чеченская Республика;7;1856;1407;1683;1276;173;131
СКФО;Чеченская Республика;8;2169;1650;2068;1568;101;82
СКФО;Чеченская Республика;9;3533;2692;3431;2625;102;67
СКФО;Чеченская Республика;10;3274;2499;3217;2460;57;39
СКФО;Чеченская Республика;11;2848;2175;2814;2151;34;24
СКФО;Чеченская Республика;12;557;431;545;422;12;9
СКФО;Чеченская Республика;13;205;153;201;153;4;0
СФО;Алтайский край;3;37666;23709;30933;19861;6733;3848
СФО;Алтайский край;4;4170;2320;2997;1661;1173;659
СФО;Алтайский край;5;4100;2526;3122;2046;978;480
СФО;Алтайский край;6;4881;3157;3782;2503;1099;654
СФО;Алтайский край;7;6139;4216;4997;3535;1142;681
СФО;Алтайский край;8;6103;3838;5094;3220;1009;618
СФО;Алтайский край;9;5032;3166;4358;2744;674;422
СФО;Алтайский край;10;3260;2117;2958;1966;302;151
СФО;Алтайский край;11;2279;1318;2049;1204;230;114
СФО;Алтайский край;12;1266;801;1171;743;95;58
СФО;Алтайский край;13;436;250;405;239;31;11
СФО;Иркутская область;3;87255;59695;81200;55522;6055;4173
СФО;Иркутская область;4;6570;3629;5556;2861;1014;768
СФО;Иркутская область;5;8407;5173;7620;4642;787;531
СФО;Иркутская область;6;12388;8068;11291;7364;1097;704
СФО;Иркутская область;7;13509;8918;12498;8156;1011;762
СФО;Иркутская область;8;13301;9574;12347;8970;954;604
СФО;Иркутская область;9;10668;8313;10111;7919;557;394
СФО;Иркутская область;10;7943;6199;7684;6011;259;188
СФО;Иркутская область;11;6684;5029;6496;4913;188;116
СФО;Иркутская область;12;3927;2763;3825;2690;102;73
СФО;Иркутская область;13;3858;2029;3772;1996;86;33
СФО;Кемеровская область;3;71103;48498;64065;43810;7038;4688
СФО;Кемеровская область;4;5125;3162;3885;2193;1240;969
СФО;Кемеровская область;5;6325;3413;5391;2800;934;613
СФО;Кемеровская область;6;9882;5975;8606;5267;1276;708
СФО;Кемеровская область;7;11342;7015;10166;6290;1176;725
СФО;Кемеровская область;8;11970;7977;11043;7368;927;609
СФО;Кемеровская область;9;10125;7895;9335;7344;790;551
СФО;Кемеровская область;10;6118;4604;5770;4329;348;275
СФО;Кемеровская область;11;4876;3932;4683;3806;193;126
СФО;Кемеровская область;12;3383;2851;3283;2781;100;70
СФО;Кемеровская область;13;1957;1674;1903;1632;54;42
СФО;Красноярский край;3;105939;57964;95804;52434;10135;5530
СФО;Красноярский край;4;6595;3976;5374;3284;1221;692
СФО;Красноярский край;5;9636;5015;8403;4289;1233;726
СФО;Красноярский край;6;15903;8927;14433;8177;1470;750
СФО;Красноярский край;7;19316;9325;17676;8406;1640;919
СФО;Красноярский край;8;19417;9391;17844;8560;1573;831
СФО;Красноярский край;9;14849;8152;13720;7482;1129;670
СФО;Красноярский край;10;9572;6224;8597;5697;975;527
СФО;Красноярский край;11;6711;4425;6104;4123;607;302
СФО;Красноярский край;12;2610;1730;2375;1648;235;82
СФО;Красноярский край;13;1330;799;1278;768;52;31
СФО;Новосибирская область;3;174356;88366;152725;76817;21631;11549
СФО;Новосибирская область;4;7434;3518;5932;2711;1502;807
СФО;Новосибирская область;5;17134;10447;15118;9335;2016;1112
СФО;Новосибирская область;6;27523;14610;23250;12465;4273;2145
СФО;Новосибирская область;7;42778;15642;35465;11621;7313;4021
СФО;Новосибирская область;8;27179;16307;24142;14727;3037;1580
СФО;Новосибирская область;9;20470;11179;18739;10366;1731;813
СФО;Новосибирская область;10;13872;7659;13048;7165;824;494
СФО;Новосибирская область;11;9591;5043;8986;4674;605;369
СФО;Новосибирская область;12;5342;2809;5096;2656;246;153
СФО;Новосибирская область;13;3033;1152;2949;1097;84;55
СФО;Омская область;3;123158;72299;96984;56736;26174;15563
СФО;Омская область;4;6878;4306;5339;3263;1539;1043
СФО;Омская область;5;11524;6084;9078;4764;2446;1320
СФО;Омская область;6;18724;10667;13991;7934;4733;2733
СФО;Омская область;7;24192;12043;17842;8858;6350;3185
СФО;Омская область;8;20018;12893;16411;10261;3607;2632
СФО;Омская область;9;18047;11348;13673;8416;4374;2932
СФО;Омская область;10;10458;6337;8794;5598;1664;739
СФО;Омская область;11;7667;4957;6795;4364;872;593
СФО;Омская область;12;3800;2611;3389;2354;411;257
СФО;Омская область;13;1850;1053;1672;924;178;129
СФО;Республика Алтай;3;7696;5688;6500;4875;1196;813
СФО;Республика Алтай;4;648;408;306;220;342;188
СФО;Республика Алтай;5;756;552;576;457;180;95
СФО;Республика Алтай;6;1053;776;888;644;165;132
СФО;Республика Алтай;7;1367;1123;1224;1004;143;119
СФО;Республика Алтай;8;1234;985;1089;881;145;104
СФО;Республика Алтай;9;1249;984;1127;894;122;90
СФО;Республика Алтай;10;577;435;534;398;43;37
СФО;Республика Алтай;11;338;263;302;230;36;33
СФО;Республика Алтай;12;165;127;150;117;15;10
СФО;Республика Алтай;13;309;35;304;30;5;5
СФО;Республика Тыва;3;13526;10048;11962;9217;1564;831
СФО;Республика Тыва;4;1922;1300;1592;1130;330;170
СФО;Республика Тыва;5;2251;1573;1917;1405;334;168
СФО;Республика Тыва;6;2047;1407;1724;1235;323;172
СФО;Республика Тыва;7;1749;1264;1506;1135;243;129
СФО;Республика Тыва;8;1909;1516;1754;1419;155;97
СФО;Республика Тыва;9;1446;1159;1363;1111;83;48
СФО;Республика Тыва;10;995;804;945;779;50;25
СФО;Республика Тыва;11;838;716;802;699;36;17
СФО;Республика Тыва;12;274;242;266;238;8;4
СФО;Республика Тыва;13;95;67;93;66;2;1
СФО;Республика Хакасия;3;23331;16663;21035;15748;2296;915
СФО;Республика Хакасия;4;2038;1319;1766;1175;272;144
СФО;Республика Хакасия;5;2958;2271;2646;2167;312;104
СФО;Республика Хакасия;6;3533;2535;2955;2353;578;182
СФО;Республика Хакасия;7;4910;3749;4452;3588;458;161
СФО;Республика Хакасия;8;3277;2227;2996;2091;281;136
СФО;Республика Хакасия;9;2382;1579;2183;1481;199;98
СФО;Республика Хакасия;10;1727;1152;1642;1120;85;32
СФО;Республика Хакасия;11;1660;1228;1585;1192;75;36
СФО;Республика Хакасия;12;608;447;581;431;27;16
СФО;Республика Хакасия;13;238;156;229;150;9;6
СФО;Томская область;3;36130;23480;33044;21293;3086;2187
СФО;Томская область;4;2118;1341;1662;1038;456;303
СФО;Томская область;5;3971;2550;3503;2224;468;326
СФО;Томская область;6;5207;3161;4662;2811;545;350
СФО;Томская область;7;6037;3613;5590;3291;447;322
СФО;Томская область;8;5728;3745;5345;3440;383;305
СФО;Томская область;9;4457;3155;4153;2912;304;243
СФО;Томская область;10;3280;2341;3073;2193;207;148
СФО;Томская область;11;2532;1794;2372;1681;160;113
СФО;Томская область;12;1530;1105;1464;1052;66;53
СФО;Томская область;13;1270;675;1220;651;50;24
УФО;Курганская область;3;36883;20132;31274;16545;5609;3587
УФО;Курганская область;4;2351;1500;1780;1066;571;434
УФО;Курганская область;5;3737;1727;3000;1267;737;460
УФО;Курганская область;6;5319;2834;4397;2151;922;683
УФО;Курганская область;7;6380;3669;5334;2995;1046;674
УФО;Курганская область;8;6997;3661;6161;3140;836;521
УФО;Курганская область;9;5733;3114;4985;2729;748;385
УФО;Курганская область;10;3554;1976;3199;1778;355;198
УФО;Курганская область;11;2097;1201;1810;1022;287;179
УФО;Курганская область;12;543;336;466;298;77;38
УФО;Курганская область;13;172;114;142;99;30;15
УФО;Свердловская область;3;159442;97723;144541;88799;14901;8924
УФО;Свердловская область;4;15753;6595;12904;5051;2849;1544
УФО;Свердловская область;5;14932;8465;13206;7458;1726;1007
УФО;Свердловская область;6;23340;14369;20967;12931;2373;1438
УФО;Свердловская область;7;24705;15078;22341;13676;2364;1402
УФО;Свердловская область;8;24466;16962;22301;15669;2165;1293
УФО;Свердловская область;9;23240;15448;21216;14047;2024;1401
УФО;Свердловская область;10;15044;9490;14430;9080;614;410
УФО;Свердловская область;11;10716;6557;10330;6352;386;205
УФО;Свердловская область;12;4730;3176;4514;3053;216;123
УФО;Свердловская область;13;2516;1583;2332;1482;184;101
УФО;Тюменская область;3;131696;46108;124116;42849;7580;3259
УФО;Тюменская область;4;8350;2132;7029;1638;1321;494
УФО;Тюменская область;5;13305;4021;12249;3664;1056;357
УФО;Тюменская область;6;24271;7136;23242;6693;1029;443
УФО;Тюменская область;7;23760;8114;22569;7675;1191;439
УФО;Тюменская область;8;24975;8783;23845;8242;1130;541
УФО;Тюменская область;9;18173;6557;17348;6068;825;489
УФО;Тюменская область;10;9184;4279;8742;4061;442;218
УФО;Тюменская область;11;5917;3181;5602;2996;315;185
УФО;Тюменская область;12;2540;1411;2383;1341;157;70
УФО;Тюменская область;13;1221;494;1107;471;114;23
УФО;Ханты-Мансийский автономный округ — Югра;3;150939;18210;98542;16878;52397;1332
УФО;Ханты-Мансийский автономный округ — Югра;4;3023;1141;2354;971;669;170
УФО;Ханты-Мансийский автономный округ — Югра;5;15058;1750;4191;1570;10867;180
УФО;Ханты-Мансийский автономный округ — Югра;6;16545;2343;5569;2073;10976;270
УФО;Ханты-Мансийский автономный округ — Югра;7;46539;2887;17644;2683;28895;204
УФО;Ханты-Мансийский автономный округ — Югра;8;29012;2970;28533;2729;479;241
УФО;Ханты-Мансийский автономный округ — Югра;9;33235;2959;32960;2806;275;153
УФО;Ханты-Мансийский автономный округ — Югра;10;4099;2066;3932;1988;167;78
УФО;Ханты-Мансийский автономный округ — Югра;11;2332;1319;2287;1293;45;26
УФО;Ханты-Мансийский автономный округ — Югра;12;846;592;831;584;15;8
УФО;Ханты-Мансийский автономный округ — Югра;13;250;183;241;181;9;2
УФО;Челябинская область;3;148222;89778;133622;81078;14600;8700
УФО;Челябинская область;4;12593;7201;9156;4893;3437;2308
УФО;Челябинская область;5;13329;7039;11720;6146;1609;893
УФО;Челябинская область;6;20487;11855;18222;10494;2265;1361
УФО;Челябинская область;7;23351;13992;20891;12482;2460;1510
УФО;Челябинская область;8;23544;14527;21679;13603;1865;924
УФО;Челябинская область;9;20668;13417;19260;12687;1408;730
УФО;Челябинская область;10;15146;9395;14369;8907;777;488
УФО;Челябинская область;11;10870;6678;10389;6392;481;286
УФО;Челябинская область;12;5550;3915;5346;3764;204;151
УФО;Челябинская область;13;2684;1759;2590;1710;94;49
УФО;Ямало-Ненецкий автономный округ;3;53241;17308;51796;16958;1445;350
УФО;Ямало-Ненецкий автономный округ;4;1166;447;994;377;172;70
УФО;Ямало-Ненецкий автономный округ;5;4877;2263;4581;2201;296;62
УФО;Ямало-Ненецкий автономный округ;6;6107;2307;5821;2242;286;65
УФО;Ямало-Ненецкий автономный округ;7;20884;2841;20703;2791;181;50
УФО;Ямало-Ненецкий автономный округ;8;7101;2914;6953;2876;148;38
УФО;Ямало-Ненецкий автономный округ;9;6909;3510;6753;3488;156;22
УФО;Ямало-Ненецкий автономный округ;10;4932;2830;4820;2809;112;21
УФО;Ямало-Ненецкий автономный округ;11;1028;144;949;131;79;13
УФО;Ямало-Ненецкий автономный округ;12;200;35;189;29;11;6
УФО;Ямало-Ненецкий автономный округ;13;37;17;33;14;4;3
ЦФО;Белгородская область;3;45972;31280;41519;28440;4453;2840
ЦФО;Белгородская область;4;4187;2728;3526;2276;661;452
ЦФО;Белгородская область;5;3866;2553;3307;2183;559;370
ЦФО;Белгородская область;6;6087;4133;5450;3721;637;412
ЦФО;Белгородская область;7;6618;4460;5874;4049;744;411
ЦФО;Белгородская область;8;7153;5061;6572;4668;581;393
ЦФО;Белгородская область;9;6858;4704;6384;4407;474;297
ЦФО;Белгородская область;10;5030;3523;4637;3253;393;270
ЦФО;Белгородская область;11;3698;2569;3436;2419;262;150
ЦФО;Белгородская область;12;1700;1104;1594;1041;106;63
ЦФО;Белгородская область;13;775;445;739;423;36;22
ЦФО;Брянская область;3;37926;21704;34410;19656;3516;2048
ЦФО;Брянская область;4;2260;1495;1886;1233;374;262
ЦФО;Брянская область;5;3970;2003;3568;1814;402;189
ЦФО;Брянская область;6;5807;2807;5247;2536;560;271
ЦФО;Брянская область;7;6734;3289;6112;2901;622;388
ЦФО;Брянская область;8;5729;3153;5235;2875;494;278
ЦФО;Брянская область;9;4938;3210;4480;2945;458;265
ЦФО;Брянская область;10;4305;2970;3990;2759;315;211
ЦФО;Брянская область;11;2775;1853;2537;1691;238;162
ЦФО;Брянская область;12;1115;694;1065;673;50;21
ЦФО;Брянская область;13;293;230;290;229;3;1
ЦФО;Владимирская область;3;11289;7488;9707;6595;1582;893
ЦФО;Владимирская область;4;1023;625;624;421;399;204
ЦФО;Владимирская область;5;886;501;674;360;212;141
ЦФО;Владимирская область;6;1144;686;922;545;222;141
ЦФО;Владимирская область;7;1910;959;1700;841;210;118
ЦФО;Владимирская область;8;2112;1435;1856;1300;256;135
ЦФО;Владимирская область;9;1476;1070;1337;994;139;76
ЦФО;Владимирская область;10;1241;952;1144;897;97;55
ЦФО;Владимирская область;11;803;685;775;672;28;13
ЦФО;Владимирская область;12;399;341;385;335;14;6
ЦФО;Владимирская область;13;295;234;290;230;5;4
ЦФО;Воронежская область;3;62873;42262;54588;36796;8285;5466
ЦФО;Воронежская область;4;4387;2729;2568;1623;1819;1106
ЦФО;Воронежская область;5;5585;3214;4895;2745;690;469
ЦФО;Воронежская область;6;7440;4456;6123;3567;1317;889
ЦФО;Воронежская область;7;9102;5914;7855;5174;1247;740
ЦФО;Воронежская область;8;10095;6968;9056;6264;1039;704
ЦФО;Воронежская область;9;9473;6816;8565;6160;908;656
ЦФО;Воронежская область;10;7018;5285;6443;4843;575;442
ЦФО;Воронежская область;11;5193;3787;4774;3502;419;285
ЦФО;Воронежская область;12;2932;2004;2756;1888;176;116
ЦФО;Воронежская область;13;1648;1089;1553;1030;95;59
ЦФО;Ивановская область;3;16723;11125;14028;9320;2695;1805
ЦФО;Ивановская область;4;1551;877;823;438;728;439
ЦФО;Ивановская область;5;1909;1249;1561;1005;348;244
ЦФО;Ивановская область;6;2119;1415;1682;1093;437;322
ЦФО;Ивановская область;7;2341;1540;1842;1197;499;343
ЦФО;Ивановская область;8;2298;1458;1999;1249;299;209
ЦФО;Ивановская область;9;2281;1485;2065;1343;216;142
ЦФО;Ивановская область;10;1527;1065;1421;997;106;68
ЦФО;Ивановская область;11;1237;964;1193;931;44;33
ЦФО;Ивановская область;12;792;579;781;577;11;2
ЦФО;Ивановская область;13;668;493;661;490;7;3
ЦФО;Калужская область;3;63543;32804;59303;30901;4240;1903
ЦФО;Калужская область;4;2810;1815;2431;1587;379;228
ЦФО;Калужская область;5;4959;2665;4483;2444;476;221
ЦФО;Калужская область;6;8932;4700;8369;4460;563;240
ЦФО;Калужская область;7;12106;6240;11456;5793;650;447
ЦФО;Калужская область;8;15370;6368;13780;5954;1590;414
ЦФО;Калужская область;9;8348;4820;7995;4581;353;239
ЦФО;Калужская область;10;6140;3090;5962;3007;178;83
ЦФО;Калужская область;11;2778;1682;2742;1659;36;23
ЦФО;Калужская область;12;1469;957;1461;953;8;4
ЦФО;Калужская область;13;631;467;624;463;7;4
ЦФО;Костромская область;3;23449;16624;22049;16058;1400;566
ЦФО;Костромская область;4;1570;1055;1429;978;141;77
ЦФО;Костромская область;5;2651;1824;2430;1757;221;67
ЦФО;Костромская область;6;3576;2171;3301;2042;275;129
ЦФО;Костромская область;7;3313;2133;3068;2032;245;101
ЦФО;Костромская область;8;3389;2413;3181;2344;208;69
ЦФО;Костромская область;9;3011;2062;2871;2006;140;56
ЦФО;Костромская область;10;2391;1965;2298;1933;93;32
ЦФО;Костромская область;11;2007;1707;1958;1682;49;25
ЦФО;Костромская область;12;1201;1028;1178;1020;23;8
ЦФО;Костромская область;13;340;266;335;264;5;2
ЦФО;Курская область;3;58470;29914;53694;27261;4776;2653
ЦФО;Курская область;4;2726;1396;2214;1101;512;295
ЦФО;Курская область;5;5218;2339;4550;2015;668;324
ЦФО;Курская область;6;7784;3762;7062;3338;722;424
ЦФО;Курская область;7;8032;4326;7210;3809;822;517
ЦФО;Курская область;8;8117;4348;7418;3957;699;391
ЦФО;Курская область;9;8641;4581;8139;4300;502;281
ЦФО;Курская область;10;7306;3726;6932;3537;374;189
ЦФО;Курская область;11;5633;2880;5386;2759;247;121
ЦФО;Курская область;12;3218;1574;3069;1507;149;67
ЦФО;Курская область;13;1795;982;1714;938;81;44
ЦФО;Липецкая область;3;19781;12343;17291;10813;2490;1530
ЦФО;Липецкая область;4;1329;827;599;350;730;477
ЦФО;Липецкая область;5;1392;663;1053;482;339;181
ЦФО;Липецкая область;6;2479;1466;2135;1268;344;198
ЦФО;Липецкая область;7;3384;2062;3026;1829;358;233
ЦФО;Липецкая область;8;3572;2109;3298;1935;274;174
ЦФО;Липецкая область;9;3008;1971;2760;1823;248;148
ЦФО;Липецкая область;10;2326;1742;2215;1678;111;64
ЦФО;Липецкая область;11;1475;1045;1408;1004;67;41
ЦФО;Липецкая область;12;625;339;611;328;14;11
ЦФО;Липецкая область;13;191;119;186;116;5;3
ЦФО;Москва;3;760876;460989;677283;407205;83593;53784
ЦФО;Москва;4;47971;29867;36758;22744;11213;7123
ЦФО;Москва;5;81273;49826;69660;42343;11613;7483
ЦФО;Москва;6;132482;76295;116826;66766;15656;9529
ЦФО;Москва;7;129461;77063;114095;66784;15366;10279
ЦФО;Москва;8;118932;70568;106970;62798;11962;7770
ЦФО;Москва;9;96215;60151;87739;54596;8476;5555
ЦФО;Москва;10;64384;42560;59677;39455;4707;3105
ЦФО;Москва;11;45756;27774;42787;25868;2969;1906
ЦФО;Москва;12;26469;16058;25418;15387;1051;671
ЦФО;Москва;13;17933;10827;17353;10464;580;363
ЦФО;Московская область;3;202219;102671;184950;94516;17269;8155
ЦФО;Московская область;4;14032;6009;11873;5179;2159;830
ЦФО;Московская область;5;19409;8396;17316;7375;2093;1021
ЦФО;Московская область;6;31592;14839;28479;13352;3113;1487
ЦФО;Московская область;7;32842;16365;29631;14800;3211;1565
ЦФО;Московская область;8;31080;15479;28545;14114;2535;1365
ЦФО;Московская область;9;28373;16266;26514;15383;1859;883
ЦФО;Московская область;10;19361;10935;18436;10495;925;440
ЦФО;Московская область;11;14540;7883;13627;7588;913;295
ЦФО;Московская область;12;7145;4358;6846;4187;299;171
ЦФО;Московская область;13;3845;2141;3683;2043;162;98
ЦФО;Орловская область;3;24721;14662;22692;13324;2029;1338
ЦФО;Орловская область;4;2197;1293;1867;1095;330;198
ЦФО;Орловская область;5;1837;1355;1663;1225;174;130
ЦФО;Орловская область;6;2298;1497;2012;1273;286;224
ЦФО;Орловская область;7;4930;1821;4585;1620;345;201
ЦФО;Орловская область;8;3396;2320;3016;2074;380;246
ЦФО;Орловская область;9;4112;2309;3834;2144;278;165
ЦФО;Орловская область;10;2099;1440;1983;1351;116;89
ЦФО;Орловская область;11;2075;1346;2000;1291;75;55
ЦФО;Орловская область;12;1217;940;1184;913;33;27
ЦФО;Орловская область;13;560;341;548;338;12;3
ЦФО;Рязанская область;3;26434;15688;23252;13650;3182;2038
ЦФО;Рязанская область;4;2212;1232;1553;845;659;387
ЦФО;Рязанская область;5;2271;1262;1946;1039;325;223
ЦФО;Рязанская область;6;2950;1647;2575;1383;375;264
ЦФО;Рязанская область;7;3330;1853;2890;1569;440;284
ЦФО;Рязанская область;8;3601;2224;3136;1889;465;335
ЦФО;Рязанская область;9;3389;2091;3021;1850;368;241
ЦФО;Рязанская область;10;3283;2013;2980;1820;303;193
ЦФО;Рязанская область;11;2932;1788;2770;1721;162;67
ЦФО;Рязанская область;12;1439;920;1378;888;61;32
ЦФО;Рязанская область;13;1027;658;1003;646;24;12
ЦФО;Смоленская область;3;12136;9114;10857;8381;1279;733
ЦФО;Смоленская область;4;1283;623;993;499;290;124
ЦФО;Смоленская область;5;732;520;530;388;202;132
ЦФО;Смоленская область;6;1299;991;1093;873;206;118
ЦФО;Смоленская область;7;2399;1886;2234;1771;165;115
ЦФО;Смоленская область;8;1653;1332;1510;1240;143;92
ЦФО;Смоленская область;9;1786;1375;1666;1304;120;71
ЦФО;Смоленская область;10;1270;955;1196;913;74;42
ЦФО;Смоленская область;11;975;819;930;796;45;23
ЦФО;Смоленская область;12;481;396;463;385;18;11
ЦФО;Смоленская область;13;258;217;242;212;16;5
ЦФО;Тамбовская область;3;30923;17798;29095;17185;1828;613
ЦФО;Тамбовская область;4;3469;1960;3039;1798;430;162
ЦФО;Тамбовская область;5;2245;1389;2047;1341;198;48
ЦФО;Тамбовская область;6;4169;2272;3888;2202;281;70
ЦФО;Тамбовская область;7;4673;2685;4447;2607;226;78
ЦФО;Тамбовская область;8;5131;3096;4868;2984;263;112
ЦФО;Тамбовская область;9;4737;2623;4547;2550;190;73
ЦФО;Тамбовская область;10;3212;1766;3108;1732;104;34
ЦФО;Тамбовская область;11;1779;969;1687;953;92;16
ЦФО;Тамбовская область;12;1028;700;1000;688;28;12
ЦФО;Тамбовская область;13;480;338;464;330;16;8
ЦФО;Тверская область;3;24611;18164;21447;16503;3164;1661
ЦФО;Тверская область;4;1213;753;717;515;496;238
ЦФО;Тверская область;5;1746;1281;1448;1128;298;153
ЦФО;Тверская область;6;2699;1895;2214;1690;485;205
ЦФО;Тверская область;7;3286;2374;2744;2121;542;253
ЦФО;Тверская область;8;3423;2602;3005;2380;418;222
ЦФО;Тверская область;9;3623;2755;3267;2541;356;214
ЦФО;Тверская область;10;3185;2421;2934;2273;251;148
ЦФО;Тверская область;11;2531;1930;2378;1824;153;106
ЦФО;Тверская область;12;1770;1330;1670;1259;100;71
ЦФО;Тверская область;13;1135;823;1070;772;65;51
ЦФО;Тульская область;3;28198;18638;25582;16887;2616;1751
ЦФО;Тульская область;4;2470;1386;1876;1036;594;350
ЦФО;Тульская область;5;2562;1481;2157;1205;405;276
ЦФО;Тульская область;6;3668;2258;3282;2004;386;254
ЦФО;Тульская область;7;4313;2886;3907;2594;406;292
ЦФО;Тульская область;8;4260;2929;3944;2695;316;234
ЦФО;Тульская область;9;3937;2804;3713;2636;224;168
ЦФО;Тульская область;10;2825;2034;2688;1942;137;92
ЦФО;Тульская область;11;2026;1416;1931;1354;95;62
ЦФО;Тульская область;12;1310;914;1271;896;39;18
ЦФО;Тульская область;13;827;530;813;525;14;5
ЦФО;Ярославская область;3;59291;37263;55769;34956;3522;2307
ЦФО;Ярославская область;4;3069;1811;2558;1515;511;296
ЦФО;Ярославская область;5;5195;3103;4640;2720;555;383
ЦФО;Ярославская область;6;8947;5210;8211;4690;736;520
ЦФО;Ярославская область;7;9769;5778;9229;5410;540;368
ЦФО;Ярославская область;8;9397;6073;8959;5801;438;272
ЦФО;Ярославская область;9;8949;5588;8625;5364;324;224
ЦФО;Ярославская область;10;6123;4236;5946;4122;177;114
ЦФО;Ярославская область;11;4044;2646;3902;2577;142;69
ЦФО;Ярославская область;12;2474;1856;2403;1811;71;45
ЦФО;Ярославская область;13;1324;962;1296;946;28;16
ЮФО;Астраханская область;3;82038;13165;78509;11751;3529;1414
ЮФО;Астраханская область;4;6550;1139;5891;757;659;382
ЮФО;Астраханская область;5;12781;1522;12430;1372;351;150
ЮФО;Астраханская область;6;15901;1869;15338;1687;563;182
ЮФО;Астраханская область;7;13634;2134;13039;1927;595;207
ЮФО;Астраханская область;8;13368;2061;12466;1762;902;299
ЮФО;Астраханская область;9;9054;1773;8745;1638;309;135
ЮФО;Астраханская область;10;5859;1162;5770;1125;89;37
ЮФО;Астраханская область;11;2979;835;2931;820;48;15
ЮФО;Астраханская область;12;1447;454;1436;448;11;6
ЮФО;Астраханская область;13;465;216;463;215;2;1
ЮФО;Волгоградская область;3;130162;90229;99416;66693;30746;23536
ЮФО;Волгоградская область;4;9399;5627;7466;4415;1933;1212
ЮФО;Волгоградская область;5;11183;8244;8816;6361;2367;1883
ЮФО;Волгоградская область;6;17722;12935;14448;10474;3274;2461
ЮФО;Волгоградская область;7;28442;16378;21339;11339;7103;5039
ЮФО;Волгоградская область;8;21662;15722;15074;10165;6588;5557
ЮФО;Волгоградская область;9;16522;11401;12404;8381;4118;3020
ЮФО;Волгоградская область;10;11971;9542;8906;6918;3065;2624
ЮФО;Волгоградская область;11;8178;6673;6615;5485;1563;1188
ЮФО;Волгоградская область;12;3144;2368;2516;1880;628;488
ЮФО;Волгоградская область;13;1939;1339;1832;1275;107;64
ЮФО;Краснодарский край;3;228201;115782;197625;99871;30576;15911
ЮФО;Краснодарский край;4;23916;8910;18196;6760;5720;2150
ЮФО;Краснодарский край;5;24528;10658;21137;8893;3391;1765
ЮФО;Краснодарский край;6;33537;16379;27876;13173;5661;3206
ЮФО;Краснодарский край;7;36909;19401;31008;15752;5901;3649
ЮФО;Краснодарский край;8;33144;16897;28569;14534;4575;2363
ЮФО;Краснодарский край;9;29782;16574;27239;15220;2543;1354
ЮФО;Краснодарский край;10;20275;11289;18895;10593;1380;696
ЮФО;Краснодарский край;11;16244;9172;15339;8725;905;447
ЮФО;Краснодарский край;12;6521;4242;6232;4090;289;152
ЮФО;Краснодарский край;13;3345;2260;3134;2131;211;129
ЮФО;Республика Адыгея;3;12994;7501;10587;6255;2407;1246
ЮФО;Республика Адыгея;4;1360;702;881;462;479;240
ЮФО;Республика Адыгея;5;1271;741;877;510;394;231
ЮФО;Республика Адыгея;6;1571;888;1220;679;351;209
ЮФО;Республика Адыгея;7;1903;1070;1530;873;373;197
ЮФО;Республика Адыгея;8;1879;1117;1552;955;327;162
ЮФО;Республика Адыгея;9;1586;937;1339;855;247;82
ЮФО;Республика Адыгея;10;1268;795;1147;714;121;81
ЮФО;Республика Адыгея;11;1174;667;1110;630;64;37
ЮФО;Республика Адыгея;12;663;363;614;356;49;7
ЮФО;Республика Адыгея;13;319;221;317;221;2;0
ЮФО;Республика Калмыкия;3;6224;4936;5537;4407;687;529
ЮФО;Республика Калмыкия;4;1200;793;1040;674;160;119
ЮФО;Республика Калмыкия;5;490;357;418;305;72;52
ЮФО;Республика Калмыкия;6;849;664;723;573;126;91
ЮФО;Республика Калмыкия;7;859;719;753;631;106;88
ЮФО;Республика Калмыкия;8;691;587;618;525;73;62
ЮФО;Республика Калмыкия;9;582;520;525;471;57;49
ЮФО;Республика Калмыкия;10;548;483;513;457;35;26
ЮФО;Республика Калмыкия;11;492;414;464;394;28;20
ЮФО;Республика Калмыкия;12;271;222;259;213;12;9
ЮФО;Республика Калмыкия;13;242;177;224;164;18;13
ЮФО;Республика Крым;3;59076;26987;54388;24244;4688;2743
ЮФО;Республика Крым;4;4541;1601;3939;1210;602;391
ЮФО;Республика Крым;5;5785;3286;5115;2835;670;451
ЮФО;Республика Крым;6;7381;3882;6585;3467;796;415
ЮФО;Республика Крым;7;7796;4054;7036;3567;760;487
ЮФО;Республика Крым;8;7748;3662;6995;3180;753;482
ЮФО;Республика Крым;9;7983;3125;7574;2891;409;234
ЮФО;Республика Крым;10;7312;3427;7030;3300;282;127
ЮФО;Республика Крым;11;6373;2359;6117;2254;256;105
ЮФО;Республика Крым;12;2854;1048;2732;1010;122;38
ЮФО;Республика Крым;13;1303;543;1265;530;38;13
ЮФО;Ростовская область;3;167448;96324;147803;83676;19645;12648
ЮФО;Ростовская область;4;19918;8147;17187;6610;2731;1537
ЮФО;Ростовская область;5;17313;8575;15044;7238;2269;1337
ЮФО;Ростовская область;6;22336;13115;18507;10461;3829;2654
ЮФО;Ростовская область;7;26732;14360;23652;12347;3080;2013
ЮФО;Ростовская область;8;26197;16232;23481;14384;2716;1848
ЮФО;Ростовская область;9;22001;14220;19254;12476;2747;1744
ЮФО;Ростовская область;10;14331;9788;12955;8812;1376;976
ЮФО;Ростовская область;11;9634;6454;9073;6103;561;351
ЮФО;Ростовская область;12;5185;3398;4961;3274;224;124
ЮФО;Ростовская область;13;3801;2035;3689;1971;112;64
ЮФО;Севастополь;3;2878;1526;2563;1288;315;238
ЮФО;Севастополь;4;254;69;207;35;47;34
ЮФО;Севастополь;5;296;122;245;85;51;37
ЮФО;Севастополь;6;307;190;257;153;50;37
ЮФО;Севастополь;7;477;264;428;227;49;37
ЮФО;Севастополь;8;450;257;402;222;48;35
ЮФО;Севастополь;9;255;152;227;129;28;23
ЮФО;Севастополь;10;300;156;282;142;18;14
ЮФО;Севастополь;11;272;168;259;156;13;12
ЮФО;Севастополь;12;116;55;108;48;8;7
ЮФО;Севастополь;13;151;93;148;91;3;2
