FO_name;Subj_Name;Col_num;1;2;3;4;5;6;7;8;9
ДВФО;Амурская область;3;19427;18058;11784;6274;1369;1071;298;407;365
ДВФО;Амурская область;4;12716;11904;8295;3609;812;622;190;273;
ДВФО;Амурская область;5;2657;2633;1692;941;24;4;20;20;
ДВФО;Амурская область;6;4274;3860;1206;2654;414;343;71;69;
ДВФО;Амурская область;7;2216;2165;127;2038;51;51;0;0;
ДВФО;Амурская область;8;2437;2294;2283;11;143;106;37;65;
ДВФО;Амурская область;9;4;4;4;0;0;0;0;0;
ДВФО;Еврейская автономная область;3;3362;2862;1746;1116;500;471;29;361;355
ДВФО;Еврейская автономная область;4;1707;1483;436;1047;224;224;0;178;
ДВФО;Еврейская автономная область;5;1346;1199;406;793;147;147;0;101;
ДВФО;Еврейская автономная область;6;1341;1247;1247;0;94;65;29;1;
ДВФО;Еврейская автономная область;7;534;534;534;0;0;0;0;0;
ДВФО;Еврейская автономная область;8;314;132;63;69;182;182;0;182;
ДВФО;Еврейская автономная область;9;0;0;0;0;0;0;0;0;
ДВФО;Забайкальский край;3;26802;23304;13308;9996;3498;2159;1339;980;4632
ДВФО;Забайкальский край;4;19649;18129;11009;7120;1520;1313;207;547;
ДВФО;Забайкальский край;5;7488;7161;3878;3283;327;240;87;214;
ДВФО;Забайкальский край;6;4525;3516;769;2747;1009;348;661;302;
ДВФО;Забайкальский край;7;114;105;105;0;9;0;9;9;
ДВФО;Забайкальский край;8;2628;1659;1530;129;969;498;471;131;
ДВФО;Забайкальский край;9;1163;424;424;0;739;461;278;131;
ДВФО;Камчатский край;3;18605;17698;14695;3003;907;717;190;317;11198
ДВФО;Камчатский край;4;15851;15391;12810;2581;460;325;135;140;
ДВФО;Камчатский край;5;5617;5403;3512;1891;214;130;84;37;
ДВФО;Камчатский край;6;1323;951;647;304;372;317;55;112;
ДВФО;Камчатский край;7;858;668;471;197;190;190;0;0;
ДВФО;Камчатский край;8;1431;1356;1238;118;75;75;0;65;
ДВФО;Камчатский край;9;914;914;902;12;0;0;0;0;
ДВФО;Магаданская область;3;4941;4712;2631;2081;229;155;74;22;1228
ДВФО;Магаданская область;4;3152;3034;2169;865;118;118;0;22;
ДВФО;Магаданская область;5;2376;2335;1637;698;41;41;0;0;
ДВФО;Магаданская область;6;1772;1671;459;1212;101;37;64;0;
ДВФО;Магаданская область;7;1042;1042;115;927;0;0;0;0;
ДВФО;Магаданская область;8;17;7;3;4;10;0;10;0;
ДВФО;Магаданская область;9;5;0;0;0;5;0;5;0;
ДВФО;Приморский край;3;58488;53539;33388;20151;4949;3054;1895;2770;10214
ДВФО;Приморский край;4;43417;40689;27748;12941;2728;1603;1125;1453;
ДВФО;Приморский край;5;15873;15287;10132;5155;586;198;388;327;
ДВФО;Приморский край;6;9332;7455;2142;5313;1877;1195;682;1274;
ДВФО;Приморский край;7;1075;1059;299;760;16;3;13;0;
ДВФО;Приморский край;8;5739;5395;3498;1897;344;256;88;43;
ДВФО;Приморский край;9;3878;3878;2602;1276;0;0;0;0;
ДВФО;Республика Бурятия;3;12255;8863;4329;4534;3392;2322;1070;871;4484
ДВФО;Республика Бурятия;4;9397;6833;3318;3515;2564;1869;695;593;
ДВФО;Республика Бурятия;5;586;515;331;184;71;69;2;13;
ДВФО;Республика Бурятия;6;2066;1595;625;970;471;201;270;197;
ДВФО;Республика Бурятия;7;240;181;86;95;59;50;9;28;
ДВФО;Республика Бурятия;8;792;435;386;49;357;252;105;81;
ДВФО;Республика Бурятия;9;132;114;114;0;18;18;0;11;
ДВФО;Республика Саха (Якутия);3;40860;37536;27387;10149;3324;1773;1551;1669;24471
ДВФО;Республика Саха (Якутия);4;26211;25028;20741;4287;1183;637;546;834;
ДВФО;Республика Саха (Якутия);5;10807;10736;10503;233;71;66;5;71;
ДВФО;Республика Саха (Якутия);6;8850;7688;3364;4324;1162;461;701;590;
ДВФО;Республика Саха (Якутия);7;980;980;798;182;0;0;0;0;
ДВФО;Республика Саха (Якутия);8;5799;4820;3282;1538;979;675;304;245;
ДВФО;Республика Саха (Якутия);9;399;262;262;0;137;92;45;45;
ДВФО;Сахалинская область;3;26085;25038;21569;3469;1047;651;396;505;5530
ДВФО;Сахалинская область;4;19086;18633;16223;2410;453;453;0;421;
ДВФО;Сахалинская область;5;3702;3585;1887;1698;117;117;0;117;
ДВФО;Сахалинская область;6;4604;4094;3265;829;510;178;332;0;
ДВФО;Сахалинская область;7;772;553;7;546;219;86;133;0;
ДВФО;Сахалинская область;8;2395;2311;2081;230;84;20;64;84;
ДВФО;Сахалинская область;9;0;0;0;0;0;0;0;0;
ДВФО;Хабаровский край;3;70418;63987;38666;25321;6431;4685;1746;2463;8317
ДВФО;Хабаровский край;4;47555;44265;28975;15290;3290;2257;1033;550;
ДВФО;Хабаровский край;5;14914;14060;7120;6940;854;532;322;258;
ДВФО;Хабаровский край;6;10619;8854;3754;5100;1765;1305;460;864;
ДВФО;Хабаровский край;7;4785;4496;2065;2431;289;176;113;161;
ДВФО;Хабаровский край;8;12244;10868;5937;4931;1376;1123;253;1049;
ДВФО;Хабаровский край;9;2855;2816;1009;1807;39;8;31;0;
ДВФО;Чукотский автономный округ;3;1895;1895;1211;684;0;0;0;0;510
ДВФО;Чукотский автономный округ;4;1129;1129;507;622;0;0;0;0;
ДВФО;Чукотский автономный округ;5;1116;1116;504;612;0;0;0;0;
ДВФО;Чукотский автономный округ;6;133;133;105;28;0;0;0;0;
ДВФО;Чукотский автономный округ;7;40;40;12;28;0;0;0;0;
ДВФО;Чукотский автономный округ;8;633;633;599;34;0;0;0;0;
ДВФО;Чукотский автономный округ;9;633;633;599;34;0;0;0;0;
ПФО;Кировская область;3;36858;30514;17989;12525;6344;5223;1121;973;3725
ПФО;Кировская область;4;20370;16882;9842;7040;3488;2611;877;652;
ПФО;Кировская область;5;5249;5072;2070;3002;177;142;35;2;
ПФО;Кировская область;6;10599;8251;4314;3937;2348;2226;122;226;
ПФО;Кировская область;7;2286;1928;98;1830;358;331;27;25;
ПФО;Кировская область;8;5889;5381;3833;1548;508;386;122;95;
ПФО;Кировская область;9;3;0;0;0;3;0;3;3;
ПФО;Нижегородская область;3;104764;94969;45620;49349;9795;6056;3739;3847;9510
ПФО;Нижегородская область;4;67316;61912;28963;32949;5404;3758;1646;1821;
ПФО;Нижегородская область;5;36685;35174;12468;22706;1511;1279;232;158;
ПФО;Нижегородская область;6;17500;13975;6050;7925;3525;1961;1564;1529;
ПФО;Нижегородская область;7;3230;2688;1316;1372;542;363;179;195;
ПФО;Нижегородская область;8;19948;19082;10607;8475;866;337;529;497;
ПФО;Нижегородская область;9;10504;10500;8663;1837;4;4;0;0;
ПФО;Оренбургская область;3;85658;76927;56241;20686;8731;5800;2931;4702;29745
ПФО;Оренбургская область;4;58749;55547;41911;13636;3202;2461;741;1422;
ПФО;Оренбургская область;5;5037;4887;1146;3741;150;62;88;69;
ПФО;Оренбургская область;6;16123;13802;9914;3888;2321;1299;1022;695;
ПФО;Оренбургская область;7;553;549;536;13;4;2;2;1;
ПФО;Оренбургская область;8;10786;7578;4416;3162;3208;2040;1168;2585;
ПФО;Оренбургская область;9;224;196;30;166;28;5;23;23;
ПФО;Пензенская область;3;54660;45245;22757;22488;9415;6285;3130;5539;18412
ПФО;Пензенская область;4;36172;31685;15404;16281;4487;2924;1563;3219;
ПФО;Пензенская область;5;7823;7573;1522;6051;250;70;180;195;
ПФО;Пензенская область;6;10868;9067;4660;4407;1801;1388;413;316;
ПФО;Пензенская область;7;776;559;161;398;217;158;59;0;
ПФО;Пензенская область;8;7620;4493;2693;1800;3127;1973;1154;2004;
ПФО;Пензенская область;9;23;23;0;23;0;0;0;0;
ПФО;Пермский край;3;171829;154548;111788;42760;17281;10554;6727;10326;24792
ПФО;Пермский край;4;110248;106136;84626;21510;4112;3769;343;2046;
ПФО;Пермский край;5;8475;8330;5356;2974;145;17;128;134;
ПФО;Пермский край;6;41290;35300;20706;14594;5990;4464;1526;1970;
ПФО;Пермский край;7;7128;6565;2308;4257;563;451;112;309;
ПФО;Пермский край;8;20291;13112;6456;6656;7179;2321;4858;6310;
ПФО;Пермский край;9;2074;2039;2039;0;35;35;0;35;
ПФО;Республика Башкортостан;3;134994;119952;71183;48769;15042;9741;5301;5036;67289
ПФО;Республика Башкортостан;4;79836;73213;52301;20912;6623;5243;1380;2458;
ПФО;Республика Башкортостан;5;6480;5925;2813;3112;555;107;448;493;
ПФО;Республика Башкортостан;6;39285;32801;11992;20809;6484;4076;2408;2050;
ПФО;Республика Башкортостан;7;1432;730;554;176;702;511;191;0;
ПФО;Республика Башкортостан;8;15873;13938;6890;7048;1935;422;1513;528;
ПФО;Республика Башкортостан;9;449;411;292;119;38;21;17;0;
ПФО;Республика Марий Эл;3;38030;33372;25327;8045;4658;3768;890;1089;8676
ПФО;Республика Марий Эл;4;25462;23646;19385;4261;1816;1717;99;1003;
ПФО;Республика Марий Эл;5;8089;7843;6095;1748;246;244;2;222;
ПФО;Республика Марий Эл;6;5227;3554;2727;827;1673;1343;330;14;
ПФО;Республика Марий Эл;7;1552;1089;1065;24;463;463;0;0;
ПФО;Республика Марий Эл;8;7341;6172;3215;2957;1169;708;461;72;
ПФО;Республика Марий Эл;9;381;381;255;126;0;0;0;0;
ПФО;Республика Мордовия;3;57615;53808;40926;12882;3807;2181;1626;2152;39419
ПФО;Республика Мордовия;4;47236;46500;36428;10072;736;624;112;528;
ПФО;Республика Мордовия;5;12671;12641;8970;3671;30;0;30;30;
ПФО;Республика Мордовия;6;8817;5793;3554;2239;3024;1510;1514;1608;
ПФО;Республика Мордовия;7;964;862;572;290;102;45;57;69;
ПФО;Республика Мордовия;8;1562;1515;944;571;47;47;0;16;
ПФО;Республика Мордовия;9;381;358;332;26;23;23;0;0;
ПФО;Республика Татарстан;3;184470;163403;106889;56514;21067;13201;7866;7257;64985
ПФО;Республика Татарстан;4;136348;127255;91846;35409;9093;6535;2558;3499;
ПФО;Республика Татарстан;5;66615;63662;43707;19955;2953;2176;777;1429;
ПФО;Республика Татарстан;6;40120;29952;10983;18969;10168;5507;4661;3667;
ПФО;Республика Татарстан;7;18673;15651;2502;13149;3022;1838;1184;776;
ПФО;Республика Татарстан;8;8002;6196;4060;2136;1806;1159;647;91;
ПФО;Республика Татарстан;9;1398;1029;219;810;369;335;34;0;
ПФО;Самарская область;3;270744;247946;174042;73904;22798;17032;5766;7056;52298
ПФО;Самарская область;4;164281;152367;111189;41178;11914;8379;3535;4959;
ПФО;Самарская область;5;53746;52376;40406;11970;1370;1032;338;395;
ПФО;Самарская область;6;74739;65948;46098;19850;8791;7302;1489;1700;
ПФО;Самарская область;7;15255;13709;11637;2072;1546;1480;66;4;
ПФО;Самарская область;8;31724;29631;16755;12876;2093;1351;742;397;
ПФО;Самарская область;9;1345;1340;398;942;5;2;3;0;
ПФО;Саратовская область;3;59651;38994;24072;14922;20657;5250;15407;3599;15422
ПФО;Саратовская область;4;32699;26564;17740;8824;6135;3417;2718;1231;
ПФО;Саратовская область;5;4506;3876;556;3320;630;216;414;15;
ПФО;Саратовская область;6;21387;8298;4311;3987;13089;1313;11776;1649;
ПФО;Саратовская область;7;1246;793;192;601;453;391;62;92;
ПФО;Саратовская область;8;5565;4132;2021;2111;1433;520;913;719;
ПФО;Саратовская область;9;434;375;192;183;59;59;0;59;
ПФО;Удмуртская Республика;3;59519;53580;42766;10814;5939;3556;2383;2164;19615
ПФО;Удмуртская Республика;4;46559;43257;37555;5702;3302;1856;1446;1248;
ПФО;Удмуртская Республика;5;7646;7097;5210;1887;549;398;151;358;
ПФО;Удмуртская Республика;6;11734;9451;4670;4781;2283;1431;852;832;
ПФО;Удмуртская Республика;7;3809;3495;1082;2413;314;288;26;0;
ПФО;Удмуртская Республика;8;1226;872;541;331;354;269;85;84;
ПФО;Удмуртская Республика;9;2;0;0;0;2;2;0;0;
ПФО;Ульяновская область;3;45669;39327;21424;17903;6342;5459;883;1182;21571
ПФО;Ульяновская область;4;29518;25566;17482;8084;3952;3672;280;394;
ПФО;Ульяновская область;5;1661;1345;922;423;316;301;15;26;
ПФО;Ульяновская область;6;15317;13295;3565;9730;2022;1563;459;733;
ПФО;Ульяновская область;7;350;345;123;222;5;4;1;0;
ПФО;Ульяновская область;8;834;466;377;89;368;224;144;55;
ПФО;Ульяновская область;9;0;0;0;0;0;0;0;0;
ПФО;Чувашская Республика — Чувашия;3;51837;45765;29018;16747;6072;3618;2454;1631;10826
ПФО;Чувашская Республика — Чувашия;4;38291;35083;23729;11354;3208;2439;769;413;
ПФО;Чувашская Республика — Чувашия;5;10954;10623;4434;6189;331;295;36;70;
ПФО;Чувашская Республика — Чувашия;6;7259;5460;3396;2064;1799;918;881;985;
ПФО;Чувашская Республика — Чувашия;7;502;502;357;145;0;0;0;0;
ПФО;Чувашская Республика — Чувашия;8;6287;5222;1893;3329;1065;261;804;233;
ПФО;Чувашская Республика — Чувашия;9;377;364;267;97;13;10;3;9;
СЗФО;Архангельская область;3;40991;36435;24791;11644;4556;3248;1308;1622;6960
СЗФО;Архангельская область;4;28603;25876;18713;7163;2727;2213;514;1040;
СЗФО;Архангельская область;5;6347;6184;3253;2931;163;36;127;37;
СЗФО;Архангельская область;6;9245;7705;3832;3873;1540;781;759;500;
СЗФО;Архангельская область;7;2228;1766;588;1178;462;225;237;0;
СЗФО;Архангельская область;8;3143;2854;2246;608;289;254;35;82;
СЗФО;Архангельская область;9;1705;1705;1403;302;0;0;0;0;
СЗФО;Вологодская область;3;63931;59064;46781;12283;4867;4343;524;1290;20257
СЗФО;Вологодская область;4;37487;33901;26727;7174;3586;3208;378;832;
СЗФО;Вологодская область;5;4310;4129;3096;1033;181;88;93;93;
СЗФО;Вологодская область;6;21917;20647;16258;4389;1270;1124;146;455;
СЗФО;Вологодская область;7;5972;5870;5236;634;102;75;27;25;
СЗФО;Вологодская область;8;4527;4516;3796;720;11;11;0;3;
СЗФО;Вологодская область;9;158;158;98;60;0;0;0;0;
СЗФО;Калининградская область;3;83998;78492;63621;14871;5506;4664;842;1448;16207
СЗФО;Калининградская область;4;57575;54727;47292;7435;2848;2666;182;412;
СЗФО;Калининградская область;5;5970;5855;3846;2009;115;87;28;28;
СЗФО;Калининградская область;6;25463;22888;15947;6941;2575;1916;659;1025;
СЗФО;Калининградская область;7;3288;3017;1245;1772;271;125;146;0;
СЗФО;Калининградская область;8;960;877;382;495;83;82;1;11;
СЗФО;Калининградская область;9;224;220;220;0;4;4;0;4;
СЗФО;Ленинградская область;3;18497;15351;6890;8461;3146;2626;520;2138;2281
СЗФО;Ленинградская область;4;13340;10440;4043;6397;2900;2487;413;2138;
СЗФО;Ленинградская область;5;7348;6734;2131;4603;614;450;164;154;
СЗФО;Ленинградская область;6;3102;2958;2137;821;144;121;23;0;
СЗФО;Ленинградская область;7;58;56;0;56;2;2;0;0;
СЗФО;Ленинградская область;8;2055;1953;710;1243;102;18;84;0;
СЗФО;Ленинградская область;9;1414;1332;130;1202;82;0;82;0;
СЗФО;Мурманская область;3;32908;31265;24428;6837;1643;1052;591;664;22762
СЗФО;Мурманская область;4;18728;17701;12663;5038;1027;964;63;319;
СЗФО;Мурманская область;5;8626;8228;3977;4251;398;398;0;117;
СЗФО;Мурманская область;6;12201;11776;10914;862;425;3;422;213;
СЗФО;Мурманская область;7;824;738;280;458;86;0;86;72;
СЗФО;Мурманская область;8;1979;1788;851;937;191;85;106;132;
СЗФО;Мурманская область;9;61;56;21;35;5;0;5;5;
СЗФО;Ненецкий автономный округ;3;1738;1601;1405;196;137;137;0;114;164
СЗФО;Ненецкий автономный округ;4;203;180;97;83;23;23;0;0;
СЗФО;Ненецкий автономный округ;5;42;42;42;0;0;0;0;0;
СЗФО;Ненецкий автономный округ;6;1535;1421;1308;113;114;114;0;114;
СЗФО;Ненецкий автономный округ;7;49;49;44;5;0;0;0;0;
СЗФО;Ненецкий автономный округ;8;0;0;0;0;0;0;0;0;
СЗФО;Ненецкий автономный округ;9;0;0;0;0;0;0;0;0;
СЗФО;Новгородская область;3;13609;11256;5324;5932;2353;1599;754;652;2768
СЗФО;Новгородская область;4;6986;6062;3300;2762;924;563;361;29;
СЗФО;Новгородская область;5;2361;2346;1779;567;15;15;0;0;
СЗФО;Новгородская область;6;5425;4159;1838;2321;1266;982;284;619;
СЗФО;Новгородская область;7;741;637;27;610;104;104;0;0;
СЗФО;Новгородская область;8;1198;1035;186;849;163;54;109;4;
СЗФО;Новгородская область;9;5;0;0;0;5;0;5;0;
СЗФО;Псковская область;3;11838;10054;6324;3730;1784;1564;220;433;2700
СЗФО;Псковская область;4;7319;5866;2494;3372;1453;1325;128;311;
СЗФО;Псковская область;5;3616;3456;1556;1900;160;160;0;104;
СЗФО;Псковская область;6;4146;3950;3601;349;196;182;14;1;
СЗФО;Псковская область;7;3433;3425;3253;172;8;8;0;1;
СЗФО;Псковская область;8;373;238;229;9;135;57;78;121;
СЗФО;Псковская область;9;292;229;229;0;63;12;51;59;
СЗФО;Республика Карелия;3;23210;21537;17415;4122;1673;1409;264;841;12614
СЗФО;Республика Карелия;4;11200;10504;8579;1925;696;591;105;246;
СЗФО;Республика Карелия;5;1692;1513;865;648;179;162;17;57;
СЗФО;Республика Карелия;6;5703;5175;3857;1318;528;451;77;231;
СЗФО;Республика Карелия;7;1762;1637;1232;405;125;112;13;13;
СЗФО;Республика Карелия;8;6307;5858;4979;879;449;367;82;364;
СЗФО;Республика Карелия;9;812;805;644;161;7;7;0;0;
СЗФО;Республика Коми;3;45833;41597;31513;10084;4236;3403;833;1937;6220
СЗФО;Республика Коми;4;29849;28527;23046;5481;1322;1056;266;734;
СЗФО;Республика Коми;5;5975;5394;4921;473;581;337;244;0;
СЗФО;Республика Коми;6;11038;8480;5165;3315;2558;2060;498;1058;
СЗФО;Республика Коми;7;2094;1389;1199;190;705;654;51;214;
СЗФО;Республика Коми;8;4946;4590;3302;1288;356;287;69;145;
СЗФО;Республика Коми;9;1236;1234;587;647;2;2;0;0;
СЗФО;Санкт-Петербург;3;323289;302399;160998;141401;20890;10691;10199;7567;89544
СЗФО;Санкт-Петербург;4;223114;210611;122525;88086;12503;7133;5370;5504;
СЗФО;Санкт-Петербург;5;88061;81336;30377;50959;6725;4143;2582;2981;
СЗФО;Санкт-Петербург;6;57135;50351;30647;19704;6784;2818;3966;1398;
СЗФО;Санкт-Петербург;7;21209;20081;14603;5478;1128;288;840;23;
СЗФО;Санкт-Петербург;8;43040;41437;7826;33611;1603;740;863;665;
СЗФО;Санкт-Петербург;9;32578;32471;4863;27608;107;101;6;6;
СКФО;Кабардино-Балкарская Республика;3;28760;24225;8365;15860;4535;2448;2087;1595;10753
СКФО;Кабардино-Балкарская Республика;4;15859;13240;3382;9858;2619;2231;388;428;
СКФО;Кабардино-Балкарская Республика;5;4628;4578;816;3762;50;50;0;0;
СКФО;Кабардино-Балкарская Республика;6;12746;10830;4899;5931;1916;217;1699;1167;
СКФО;Кабардино-Балкарская Республика;7;2991;2962;2342;620;29;0;29;18;
СКФО;Кабардино-Балкарская Республика;8;155;155;84;71;0;0;0;0;
СКФО;Кабардино-Балкарская Республика;9;0;0;0;0;0;0;0;0;
СКФО;Карачаево-Черкесская Республика;3;6103;5710;1506;4204;393;84;309;240;155
СКФО;Карачаево-Черкесская Республика;4;5803;5650;1506;4144;153;29;124;0;
СКФО;Карачаево-Черкесская Республика;5;4907;4907;1092;3815;0;0;0;0;
СКФО;Карачаево-Черкесская Республика;6;300;60;0;60;240;55;185;240;
СКФО;Карачаево-Черкесская Республика;7;0;0;0;0;0;0;0;0;
СКФО;Карачаево-Черкесская Республика;8;0;0;0;0;0;0;0;0;
СКФО;Карачаево-Черкесская Республика;9;0;0;0;0;0;0;0;0;
СКФО;Республика Дагестан;3;13593;10906;3936;6970;2687;955;1732;327;4877
СКФО;Республика Дагестан;4;8696;7781;3835;3946;915;121;794;95;
СКФО;Республика Дагестан;5;1102;872;66;806;230;3;227;0;
СКФО;Республика Дагестан;6;2838;1675;101;1574;1163;463;700;232;
СКФО;Республика Дагестан;7;611;611;0;611;0;0;0;0;
СКФО;Республика Дагестан;8;2059;1450;0;1450;609;371;238;0;
СКФО;Республика Дагестан;9;0;0;0;0;0;0;0;0;
СКФО;Республика Ингушетия;3;2934;2882;2053;829;52;27;25;25;0
СКФО;Республика Ингушетия;4;2194;2144;1319;825;50;25;25;25;
СКФО;Республика Ингушетия;5;504;504;175;329;0;0;0;0;
СКФО;Республика Ингушетия;6;712;712;712;0;0;0;0;0;
СКФО;Республика Ингушетия;7;0;0;0;0;0;0;0;0;
СКФО;Республика Ингушетия;8;28;26;22;4;2;2;0;0;
СКФО;Республика Ингушетия;9;0;0;0;0;0;0;0;0;
СКФО;Республика Северная Осетия — Алания;3;10016;7977;2170;5807;2039;1700;339;792;2436
СКФО;Республика Северная Осетия — Алания;4;7191;5806;1366;4440;1385;1080;305;597;
СКФО;Республика Северная Осетия — Алания;5;3751;3293;629;2664;458;398;60;148;
СКФО;Республика Северная Осетия — Алания;6;2801;2147;780;1367;654;620;34;195;
СКФО;Республика Северная Осетия — Алания;7;572;544;465;79;28;22;6;22;
СКФО;Республика Северная Осетия — Алания;8;24;24;24;0;0;0;0;0;
СКФО;Республика Северная Осетия — Алания;9;15;15;15;0;0;0;0;0;
СКФО;Ставропольский край;3;83264;71812;35606;36206;11452;5892;5560;3953;24471
СКФО;Ставропольский край;4;53034;48655;27577;21078;4379;2454;1925;1088;
СКФО;Ставропольский край;5;9896;9559;5636;3923;337;106;231;112;
СКФО;Ставропольский край;6;29282;22822;7731;15091;6460;3412;3048;2373;
СКФО;Ставропольский край;7;10037;9058;4514;4544;979;601;378;741;
СКФО;Ставропольский край;8;948;335;298;37;613;26;587;492;
СКФО;Ставропольский край;9;0;0;0;0;0;0;0;0;
СКФО;Чеченская Республика;3;21806;20135;16048;4087;1671;872;799;801;792
СКФО;Чеченская Республика;4;19014;18075;16048;2027;939;815;124;801;
СКФО;Чеченская Республика;5;17750;17374;15854;1520;376;366;10;366;
СКФО;Чеченская Республика;6;18;0;0;0;18;0;18;0;
СКФО;Чеченская Республика;7;0;0;0;0;0;0;0;0;
СКФО;Чеченская Республика;8;2774;2060;0;2060;714;57;657;0;
СКФО;Чеченская Республика;9;0;0;0;0;0;0;0;0;
СФО;Алтайский край;3;37666;30933;12525;18408;6733;5015;1718;1904;20187
СФО;Алтайский край;4;16322;14160;6572;7588;2162;1794;368;899;
СФО;Алтайский край;5;4304;3890;1707;2183;414;319;95;73;
СФО;Алтайский край;6;16212;13003;4730;8273;3209;2326;883;803;
СФО;Алтайский край;7;3241;3004;1351;1653;237;170;67;0;
СФО;Алтайский край;8;5132;3770;1223;2547;1362;895;467;202;
СФО;Алтайский край;9;1324;922;192;730;402;185;217;39;
СФО;Иркутская область;3;87255;81200;41478;39722;6055;3260;2795;2893;34699
СФО;Иркутская область;4;61874;58707;33475;25232;3167;1764;1403;1288;
СФО;Иркутская область;5;21484;20951;10879;10072;533;378;155;107;
СФО;Иркутская область;6;15820;14283;2350;11933;1537;760;777;742;
СФО;Иркутская область;7;6654;6616;818;5798;38;38;0;4;
СФО;Иркутская область;8;9561;8210;5653;2557;1351;736;615;863;
СФО;Иркутская область;9;2344;2321;1444;877;23;3;20;0;
СФО;Кемеровская область;3;71103;64065;22135;41930;7038;4057;2981;4241;26345
СФО;Кемеровская область;4;46640;42774;12135;30639;3866;2621;1245;2614;
СФО;Кемеровская область;5;19016;17619;3089;14530;1397;1157;240;971;
СФО;Кемеровская область;6;20776;18124;8351;9773;2652;1084;1568;1426;
СФО;Кемеровская область;7;3125;2955;709;2246;170;168;2;36;
СФО;Кемеровская область;8;3687;3167;1649;1518;520;352;168;201;
СФО;Кемеровская область;9;1190;1104;333;771;86;77;9;0;
СФО;Красноярский край;3;105939;95804;57758;38046;10135;6639;3496;3742;26580
СФО;Красноярский край;4;83423;78850;51337;27513;4573;3131;1442;2558;
СФО;Красноярский край;5;27621;26956;11181;15775;665;452;213;151;
СФО;Красноярский край;6;15201;10212;2802;7410;4989;3095;1894;1042;
СФО;Красноярский край;7;3733;3444;547;2897;289;144;145;183;
СФО;Красноярский край;8;7315;6742;3619;3123;573;413;160;142;
СФО;Красноярский край;9;3399;3343;1784;1559;56;56;0;0;
СФО;Новосибирская область;3;174356;152725;90296;62429;21631;16483;5148;8053;70779
СФО;Новосибирская область;4;110096;98024;61011;37013;12072;8713;3359;3402;
СФО;Новосибирская область;5;19483;15254;9071;6183;4229;3043;1186;314;
СФО;Новосибирская область;6;44586;38327;18777;19550;6259;5274;985;3180;
СФО;Новосибирская область;7;13837;12091;3907;8184;1746;1376;370;1551;
СФО;Новосибирская область;8;19674;16374;10508;5866;3300;2496;804;1471;
СФО;Новосибирская область;9;3922;3189;2648;541;733;677;56;530;
СФО;Омская область;3;123158;96984;53714;43270;26174;20262;5912;7987;29665
СФО;Омская область;4;70796;55107;36570;18537;15689;13412;2277;2624;
СФО;Омская область;5;16068;14443;10217;4226;1625;301;1324;96;
СФО;Омская область;6;24318;20329;6603;13726;3989;2109;1880;1853;
СФО;Омская область;7;5973;4968;758;4210;1005;799;206;222;
СФО;Омская область;8;28044;21548;10541;11007;6496;4741;1755;3510;
СФО;Омская область;9;2047;1832;891;941;215;196;19;0;
СФО;Республика Алтай;3;7696;6500;3323;3177;1196;780;416;412;1960
СФО;Республика Алтай;4;4445;3752;1910;1842;693;396;297;319;
СФО;Республика Алтай;5;1872;1677;691;986;195;195;0;40;
СФО;Республика Алтай;6;2868;2487;1153;1334;381;365;16;0;
СФО;Республика Алтай;7;1454;1454;120;1334;0;0;0;0;
СФО;Республика Алтай;8;383;261;260;1;122;19;103;93;
СФО;Республика Алтай;9;10;0;0;0;10;0;10;0;
СФО;Республика Тыва;3;13526;11962;8758;3204;1564;1210;354;869;4203
СФО;Республика Тыва;4;11336;10702;8217;2485;634;634;0;479;
СФО;Республика Тыва;5;2932;2820;2777;43;112;112;0;0;
СФО;Республика Тыва;6;1828;1170;534;636;658;555;103;363;
СФО;Республика Тыва;7;102;43;5;38;59;59;0;0;
СФО;Республика Тыва;8;362;90;7;83;272;21;251;27;
СФО;Республика Тыва;9;4;4;0;4;0;0;0;0;
СФО;Республика Хакасия;3;23331;21035;16439;4596;2296;1797;499;1111;3134
СФО;Республика Хакасия;4;8716;7289;5725;1564;1427;1201;226;1058;
СФО;Республика Хакасия;5;1023;1017;889;128;6;6;0;0;
СФО;Республика Хакасия;6;11871;11394;9242;2152;477;237;240;40;
СФО;Республика Хакасия;7;3254;3041;981;2060;213;60;153;0;
СФО;Республика Хакасия;8;2744;2352;1472;880;392;359;33;13;
СФО;Республика Хакасия;9;929;929;481;448;0;0;0;0;
СФО;Томская область;3;36130;33044;13353;19691;3086;1615;1471;850;2885
СФО;Томская область;4;22760;21057;8222;12835;1703;1082;621;679;
СФО;Томская область;5;11587;10865;3706;7159;722;513;209;418;
СФО;Томская область;6;8882;7937;4019;3918;945;437;508;170;
СФО;Томская область;7;2231;2028;826;1202;203;146;57;0;
СФО;Томская область;8;4488;4050;1112;2938;438;96;342;1;
СФО;Томская область;9;800;800;640;160;0;0;0;0;
УФО;Курганская область;3;36883;31274;20006;11268;5609;3476;2133;3741;9254
УФО;Курганская область;4;17637;15763;11810;3953;1874;1668;206;1236;
УФО;Курганская область;5;6465;6384;4850;1534;81;71;10;70;
УФО;Курганская область;6;14277;13356;7787;5569;921;747;174;393;
УФО;Курганская область;7;3393;3136;148;2988;257;252;5;252;
УФО;Курганская область;8;4969;2155;409;1746;2814;1061;1753;2112;
УФО;Курганская область;9;132;132;132;0;0;0;0;0;
УФО;Свердловская область;3;159442;144541;105853;38688;14901;10660;4241;5710;58969
УФО;Свердловская область;4;110716;103679;77086;26593;7037;5772;1265;3783;
УФО;Свердловская область;5;33305;31782;20431;11351;1523;1329;194;766;
УФО;Свердловская область;6;32292;25531;16068;9463;6761;3958;2803;1630;
УФО;Свердловская область;7;5891;5173;3762;1411;718;469;249;350;
УФО;Свердловская область;8;16434;15331;12699;2632;1103;930;173;297;
УФО;Свердловская область;9;976;976;976;0;0;0;0;0;
УФО;Тюменская область;3;131696;124116;96705;27411;7580;5308;2272;2190;46210
УФО;Тюменская область;4;81529;78802;67233;11569;2727;1819;908;541;
УФО;Тюменская область;5;13826;13498;10522;2976;328;102;226;43;
УФО;Тюменская область;6;36980;33903;20563;13340;3077;2398;679;1527;
УФО;Тюменская область;7;1854;1838;120;1718;16;7;9;0;
УФО;Тюменская область;8;13187;11411;8909;2502;1776;1091;685;122;
УФО;Тюменская область;9;243;191;0;191;52;52;0;0;
УФО;Ханты-Мансийский автономный округ — Югра;3;150939;98542;63900;34642;52397;51476;921;1101;13345
УФО;Ханты-Мансийский автономный округ — Югра;4;96536;76178;48846;27332;20358;20266;92;390;
УФО;Ханты-Мансийский автономный округ — Югра;5;1282;1036;979;57;246;246;0;223;
УФО;Ханты-Мансийский автономный округ — Югра;6;48926;17810;13012;4798;31116;30664;452;548;
УФО;Ханты-Мансийский автономный округ — Югра;7;8166;8150;6887;1263;16;0;16;16;
УФО;Ханты-Мансийский автономный округ — Югра;8;5477;4554;2042;2512;923;546;377;163;
УФО;Ханты-Мансийский автономный округ — Югра;9;3003;3003;1462;1541;0;0;0;0;
УФО;Челябинская область;3;148222;133622;92786;40836;14600;9624;4976;4477;36335
УФО;Челябинская область;4;92878;86986;64706;22280;5892;3448;2444;1479;
УФО;Челябинская область;5;24136;23509;13384;10125;627;189;438;470;
УФО;Челябинская область;6;41579;34804;18570;16234;6775;5024;1751;2808;
УФО;Челябинская область;7;8613;8233;3102;5131;380;171;209;48;
УФО;Челябинская область;8;13765;11832;9510;2322;1933;1152;781;190;
УФО;Челябинская область;9;1096;918;632;286;178;53;125;8;
УФО;Ямало-Ненецкий автономный округ;3;53241;51796;41832;9964;1445;1317;128;786;12444
УФО;Ямало-Ненецкий автономный округ;4;33418;33265;29937;3328;153;153;0;30;
УФО;Ямало-Ненецкий автономный округ;5;2490;2460;1590;870;30;30;0;30;
УФО;Ямало-Ненецкий автономный округ;6;9191;7940;6206;1734;1251;1159;92;719;
УФО;Ямало-Ненецкий автономный округ;7;2059;2059;1305;754;0;0;0;0;
УФО;Ямало-Ненецкий автономный округ;8;10632;10591;5689;4902;41;5;36;37;
УФО;Ямало-Ненецкий автономный округ;9;9683;9683;5088;4595;0;0;0;0;
ЦФО;Белгородская область;3;45972;41519;19326;22193;4453;2597;1856;3252;4765
ЦФО;Белгородская область;4;23121;21744;10958;10786;1377;891;486;878;
ЦФО;Белгородская область;5;9009;8943;3783;5160;66;36;30;36;
ЦФО;Белгородская область;6;20500;17634;7474;10160;2866;1658;1208;2206;
ЦФО;Белгородская область;7;2498;2301;603;1698;197;40;157;157;
ЦФО;Белгородская область;8;2351;2141;894;1247;210;48;162;168;
ЦФО;Белгородская область;9;1804;1804;877;927;0;0;0;0;
ЦФО;Брянская область;3;37926;34410;25319;9091;3516;2813;703;1588;9869
ЦФО;Брянская область;4;18905;17498;14980;2518;1407;1354;53;829;
ЦФО;Брянская область;5;5651;5624;5624;0;27;27;0;3;
ЦФО;Брянская область;6;15041;13592;7454;6138;1449;815;634;654;
ЦФО;Брянская область;7;1156;1133;1133;0;23;0;23;23;
ЦФО;Брянская область;8;3980;3320;2885;435;660;644;16;105;
ЦФО;Брянская область;9;0;0;0;0;0;0;0;0;
ЦФО;Владимирская область;3;11289;9707;4431;5276;1582;1425;157;595;1302
ЦФО;Владимирская область;4;5178;4152;1479;2673;1026;985;41;516;
ЦФО;Владимирская область;5;1352;1324;375;949;28;28;0;13;
ЦФО;Владимирская область;6;6111;5555;2952;2603;556;440;116;79;
ЦФО;Владимирская область;7;3515;3464;2250;1214;51;51;0;20;
ЦФО;Владимирская область;8;0;0;0;0;0;0;0;0;
ЦФО;Владимирская область;9;0;0;0;0;0;0;0;0;
ЦФО;Воронежская область;3;62873;54588;35245;19343;8285;3365;4920;3417;8958
ЦФО;Воронежская область;4;36099;33452;21817;11635;2647;1448;1199;1412;
ЦФО;Воронежская область;5;11187;10613;5540;5073;574;327;247;0;
ЦФО;Воронежская область;6;19995;16469;11869;4600;3526;1191;2335;1477;
ЦФО;Воронежская область;7;8281;8115;7665;450;166;78;88;16;
ЦФО;Воронежская область;8;6779;4667;1559;3108;2112;726;1386;528;
ЦФО;Воронежская область;9;102;80;47;33;22;0;22;0;
ЦФО;Ивановская область;3;16723;14028;6324;7704;2695;1928;767;815;749
ЦФО;Ивановская область;4;9983;8992;5284;3708;991;682;309;88;
ЦФО;Ивановская область;5;6093;6010;3577;2433;83;47;36;28;
ЦФО;Ивановская область;6;5883;4589;942;3647;1294;1147;147;459;
ЦФО;Ивановская область;7;1472;1296;541;755;176;176;0;0;
ЦФО;Ивановская область;8;857;447;98;349;410;99;311;268;
ЦФО;Ивановская область;9;0;0;0;0;0;0;0;0;
ЦФО;Калужская область;3;63543;59303;43326;15977;4240;2516;1724;959;19727
ЦФО;Калужская область;4;45827;43374;31892;11482;2453;2120;333;479;
ЦФО;Калужская область;5;10184;10006;3024;6982;178;109;69;138;
ЦФО;Калужская область;6;17578;15844;11422;4422;1734;367;1367;480;
ЦФО;Калужская область;7;303;301;108;193;2;2;0;0;
ЦФО;Калужская область;8;138;85;12;73;53;29;24;0;
ЦФО;Калужская область;9;33;27;7;20;6;6;0;0;
ЦФО;Костромская область;3;23449;22049;14219;7830;1400;1108;292;253;12126
ЦФО;Костромская область;4;13993;13306;10962;2344;687;685;2;149;
ЦФО;Костромская область;5;5114;5067;3760;1307;47;47;0;9;
ЦФО;Костромская область;6;6448;5832;862;4970;616;365;251;68;
ЦФО;Костромская область;7;3586;3561;309;3252;25;25;0;25;
ЦФО;Костромская область;8;3008;2911;2395;516;97;58;39;36;
ЦФО;Костромская область;9;2082;2082;1770;312;0;0;0;0;
ЦФО;Курская область;3;58470;53694;35032;18662;4776;2669;2107;2787;10427
ЦФО;Курская область;4;36057;34058;25726;8332;1999;1624;375;1231;
ЦФО;Курская область;5;5546;5348;2844;2504;198;124;74;70;
ЦФО;Курская область;6;18634;16064;6140;9924;2570;914;1656;1496;
ЦФО;Курская область;7;7607;7351;1305;6046;256;191;65;89;
ЦФО;Курская область;8;3779;3572;3166;406;207;131;76;60;
ЦФО;Курская область;9;83;83;83;0;0;0;0;0;
ЦФО;Липецкая область;3;19781;17291;10738;6553;2490;1544;946;939;2305
ЦФО;Липецкая область;4;9438;8060;5508;2552;1378;965;413;566;
ЦФО;Липецкая область;5;2660;2445;2060;385;215;161;54;42;
ЦФО;Липецкая область;6;6763;5796;1975;3821;967;547;420;241;
ЦФО;Липецкая область;7;1258;1147;3;1144;111;106;5;100;
ЦФО;Липецкая область;8;3580;3435;3255;180;145;32;113;132;
ЦФО;Липецкая область;9;3123;3123;3123;0;0;0;0;0;
ЦФО;Москва;3;760876;677283;385018;292265;83593;43765;39828;32636;100935
ЦФО;Москва;4;424906;388924;218692;170232;35982;19335;16647;15845;
ЦФО;Москва;5;188360;179121;78151;100970;9239;6409;2830;4033;
ЦФО;Москва;6;158609;136119;68104;68015;22490;9323;13167;7406;
ЦФО;Москва;7;37886;34543;16320;18223;3343;2637;706;223;
ЦФО;Москва;8;177361;152240;98222;54018;25121;15107;10014;9385;
ЦФО;Москва;9;31027;30824;13802;17022;203;151;52;49;
ЦФО;Московская область;3;202219;184950;101933;83017;17269;12416;4853;6363;52998
ЦФО;Московская область;4;83406;73949;39681;34268;9457;7738;1719;3393;
ЦФО;Московская область;5;28906;27766;11419;16347;1140;759;381;79;
ЦФО;Московская область;6;99464;94396;56063;38333;5068;3405;1663;1686;
ЦФО;Московская область;7;39148;37350;14739;22611;1798;946;852;31;
ЦФО;Московская область;8;19349;16605;6189;10416;2744;1273;1471;1284;
ЦФО;Московская область;9;7644;6904;2902;4002;740;647;93;148;
ЦФО;Орловская область;3;24721;22692;16933;5759;2029;1550;479;344;408
ЦФО;Орловская область;4;19932;19173;13769;5404;759;661;98;268;
ЦФО;Орловская область;5;7932;7774;4917;2857;158;148;10;98;
ЦФО;Орловская область;6;3819;3080;2809;271;739;662;77;76;
ЦФО;Орловская область;7;2218;2168;2097;71;50;50;0;0;
ЦФО;Орловская область;8;970;439;355;84;531;227;304;0;
ЦФО;Орловская область;9;386;345;345;0;41;0;41;0;
ЦФО;Рязанская область;3;26434;23252;12831;10421;3182;1592;1590;1573;8203
ЦФО;Рязанская область;4;15290;13931;5399;8532;1359;567;792;818;
ЦФО;Рязанская область;5;8231;7719;1872;5847;512;324;188;387;
ЦФО;Рязанская область;6;7745;6648;5677;971;1097;913;184;579;
ЦФО;Рязанская область;7;832;754;689;65;78;41;37;44;
ЦФО;Рязанская область;8;3399;2673;1755;918;726;112;614;176;
ЦФО;Рязанская область;9;115;115;72;43;0;0;0;0;
ЦФО;Смоленская область;3;12136;10857;5099;5758;1279;605;674;411;1487
ЦФО;Смоленская область;4;7508;6862;3364;3498;646;269;377;177;
ЦФО;Смоленская область;5;2414;2289;1053;1236;125;53;72;6;
ЦФО;Смоленская область;6;3206;2668;474;2194;538;305;233;222;
ЦФО;Смоленская область;7;1557;1484;92;1392;73;73;0;0;
ЦФО;Смоленская область;8;1422;1327;1261;66;95;31;64;12;
ЦФО;Смоленская область;9;39;39;39;0;0;0;0;0;
ЦФО;Тамбовская область;3;30923;29095;16189;12906;1828;1244;584;446;6549
ЦФО;Тамбовская область;4;21044;19740;12927;6813;1304;847;457;303;
ЦФО;Тамбовская область;5;3361;3168;1107;2061;193;193;0;75;
ЦФО;Тамбовская область;6;9647;9123;3030;6093;524;397;127;143;
ЦФО;Тамбовская область;7;6334;6256;1487;4769;78;6;72;6;
ЦФО;Тамбовская область;8;232;232;232;0;0;0;0;0;
ЦФО;Тамбовская область;9;0;0;0;0;0;0;0;0;
ЦФО;Тверская область;3;24611;21447;11281;10166;3164;2290;874;914;6509
ЦФО;Тверская область;4;18430;15946;7180;8766;2484;2091;393;649;
ЦФО;Тверская область;5;11685;11053;5130;5923;632;460;172;212;
ЦФО;Тверская область;6;5232;4600;3348;1252;632;198;434;218;
ЦФО;Тверская область;7;737;701;170;531;36;12;24;0;
ЦФО;Тверская область;8;949;901;753;148;48;1;47;47;
ЦФО;Тверская область;9;595;595;551;44;0;0;0;0;
ЦФО;Тульская область;3;28198;25582;11989;13593;2616;1789;827;1043;3230
ЦФО;Тульская область;4;19646;18579;8277;10302;1067;980;87;194;
ЦФО;Тульская область;5;16993;16290;7579;8711;703;667;36;112;
ЦФО;Тульская область;6;7524;6092;3612;2480;1432;754;678;764;
ЦФО;Тульская область;7;619;432;131;301;187;139;48;13;
ЦФО;Тульская область;8;1028;911;100;811;117;55;62;85;
ЦФО;Тульская область;9;868;861;90;771;7;6;1;1;
ЦФО;Ярославская область;3;59291;55769;37951;17818;3522;2076;1446;1154;16707
ЦФО;Ярославская область;4;33967;32520;21446;11074;1447;1121;326;278;
ЦФО;Ярославская область;5;13913;13596;7506;6090;317;215;102;119;
ЦФО;Ярославская область;6;22144;20285;14674;5611;1859;749;1110;837;
ЦФО;Ярославская область;7;9177;9129;5600;3529;48;0;48;0;
ЦФО;Ярославская область;8;3180;2964;1831;1133;216;206;10;39;
ЦФО;Ярославская область;9;1221;1221;874;347;0;0;0;0;
ЮФО;Астраханская область;3;82038;78509;58291;20218;3529;2050;1479;1511;36637
ЮФО;Астраханская область;4;76522;73487;54872;18615;3035;1667;1368;1193;
ЮФО;Астраханская область;5;5029;4898;2170;2728;131;71;60;131;
ЮФО;Астраханская область;6;3481;3068;2657;411;413;313;100;237;
ЮФО;Астраханская область;7;2267;2030;2030;0;237;234;3;237;
ЮФО;Астраханская область;8;2035;1954;762;1192;81;70;11;81;
ЮФО;Астраханская область;9;1096;1096;0;1096;0;0;0;0;
ЮФО;Волгоградская область;3;130162;99416;56807;42609;30746;17179;13567;9547;29125
ЮФО;Волгоградская область;4;66509;61462;44848;16614;5047;3593;1454;1418;
ЮФО;Волгоградская область;5;19893;19545;13659;5886;348;79;269;284;
ЮФО;Волгоградская область;6;33656;24859;7832;17027;8797;7272;1525;1232;
ЮФО;Волгоградская область;7;5446;5425;1800;3625;21;9;12;18;
ЮФО;Волгоградская область;8;29997;13095;4127;8968;16902;6314;10588;6897;
ЮФО;Волгоградская область;9;661;614;473;141;47;42;5;0;
ЮФО;Краснодарский край;3;228201;197625;115464;82161;30576;20690;9886;8650;61676
ЮФО;Краснодарский край;4;133982;119608;89833;29775;14374;12654;1720;3014;
ЮФО;Краснодарский край;5;16833;15994;10588;5406;839;557;282;637;
ЮФО;Краснодарский край;6;72143;64200;20806;43394;7943;3844;4099;3757;
ЮФО;Краснодарский край;7;33808;33009;8462;24547;799;576;223;364;
ЮФО;Краснодарский край;8;22076;13817;4825;8992;8259;4192;4067;1879;
ЮФО;Краснодарский край;9;617;617;208;409;0;0;0;0;
ЮФО;Республика Адыгея;3;12994;10587;4413;6174;2407;2082;325;444;2164
ЮФО;Республика Адыгея;4;10803;9090;4096;4994;1713;1619;94;310;
ЮФО;Республика Адыгея;5;4583;4459;1650;2809;124;124;0;0;
ЮФО;Республика Адыгея;6;2186;1492;312;1180;694;463;231;134;
ЮФО;Республика Адыгея;7;789;787;0;787;2;0;2;0;
ЮФО;Республика Адыгея;8;5;5;5;0;0;0;0;0;
ЮФО;Республика Адыгея;9;0;0;0;0;0;0;0;0;
ЮФО;Республика Калмыкия;3;6224;5537;2878;2659;687;367;320;539;3783
ЮФО;Республика Калмыкия;4;4292;3951;1777;2174;341;303;38;341;
ЮФО;Республика Калмыкия;5;2876;2761;1069;1692;115;115;0;115;
ЮФО;Республика Калмыкия;6;1475;1314;831;483;161;19;142;105;
ЮФО;Республика Калмыкия;7;603;559;235;324;44;0;44;44;
ЮФО;Республика Калмыкия;8;457;272;270;2;185;45;140;93;
ЮФО;Республика Калмыкия;9;250;250;250;0;0;0;0;0;
ЮФО;Республика Крым;3;59076;54388;39470;14918;4688;3981;707;2194;11438
ЮФО;Республика Крым;4;47257;44901;33894;11007;2356;2069;287;1381;
ЮФО;Республика Крым;5;26835;26277;18170;8107;558;558;0;490;
ЮФО;Республика Крым;6;8111;5976;3747;2229;2135;1823;312;660;
ЮФО;Республика Крым;7;454;350;0;350;104;104;0;50;
ЮФО;Республика Крым;8;3708;3511;1829;1682;197;89;108;153;
ЮФО;Республика Крым;9;922;922;0;922;0;0;0;0;
ЮФО;Ростовская область;3;167448;147803;63176;84627;19645;9636;10009;4957;56698
ЮФО;Ростовская область;4;96455;90195;38860;51335;6260;4155;2105;2521;
ЮФО;Ростовская область;5;36644;35784;7854;27930;860;462;398;511;
ЮФО;Ростовская область;6;50393;40137;18864;21273;10256;4032;6224;1747;
ЮФО;Ростовская область;7;8860;7380;1641;5739;1480;679;801;108;
ЮФО;Ростовская область;8;20600;17471;5452;12019;3129;1449;1680;689;
ЮФО;Ростовская область;9;6972;6842;2428;4414;130;130;0;57;
ЮФО;Севастополь;3;2878;2563;1278;1285;315;243;72;198;1633
ЮФО;Севастополь;4;2061;1960;1062;898;101;94;7;28;
ЮФО;Севастополь;5;582;576;34;542;6;6;0;0;
ЮФО;Севастополь;6;817;603;216;387;214;149;65;170;
ЮФО;Севастополь;7;71;48;6;42;23;23;0;0;
ЮФО;Севастополь;8;0;0;0;0;0;0;0;0;
ЮФО;Севастополь;9;0;0;0;0;0;0;0;0;
