FO_name;Subj_Name;Col_num;1;2;3;4;5;6;7;8;9;10;11;12;13;14;15;16;17;18;19;20;21
ДВФО;Амурская область;3;173300;90087;65248;3865;20974;59511;1526;12847;15300;346;5998;23494;1;23701;82972;52635;0;0;30337;1;5368
ДВФО;Амурская область;4;106197;64617;49065;224;15328;35938;1101;4774;7096;0;3240;19727;0;5642;80009;52480;0;0;27529;;
ДВФО;Амурская область;5;93335;63755;48403;224;15128;27800;1101;879;5778;0;3240;16802;0;1780;2502;620;0;0;1882;;
ДВФО;Еврейская автономная область;3;23346,1;20316,7;15353,1;377;4586,6;2549,5;123,8;131,4;807,8;1,2;384;1101,3;0;479,9;563,5;192,9;0;0;370,6;2;0
ДВФО;Еврейская автономная область;4;19771;18619,7;14358,5;0;4261,2;1081;14,5;0;799,7;1,2;80,2;185,4;0;70,3;9,4;9,4;0;0;0;;
ДВФО;Еврейская автономная область;5;19771;18619,7;14358,5;0;4261,2;1081;14,5;0;799,7;1,2;80,2;185,4;0;70,3;9,4;9,4;0;0;0;;
ДВФО;Забайкальский край;3;94660,3;61290,2;47722,6;598,9;12968,7;22056,5;402,2;584,4;3690;567,1;1164,9;15647,9;0;11313,6;3829,5;1388,1;0;0;2441,4;0;0
ДВФО;Забайкальский край;4;82087,8;55117,5;42468,2;142;12507,3;17661,8;82,8;467,9;3681,1;32,1;355,2;13042,7;0;9308,5;2793,3;1327,4;0;0;1465,9;;
ДВФО;Забайкальский край;5;50466,5;41662,4;32113,4;0;9549;8494,6;0;0;2965,6;0;279;5250;0;309,5;0;0;0;0;0;;
ДВФО;Камчатский край;3;266477,1;171862,1;130573,4;4409,8;36878,9;67197,1;1889,1;4762,8;3428,6;5298,2;14197;37621,4;43;27374,9;9953,1;5175,9;0;0;4777,2;2;0
ДВФО;Камчатский край;4;162612,7;123052,9;93135,8;3680,5;26236,6;35872,6;1596,2;4232,8;2729;1901,2;11059,8;14353,6;14,2;3673;5917,8;3331,7;0;0;2586,1;;
ДВФО;Камчатский край;5;138671,1;117429,5;90523,3;1324,7;25581,5;20842,2;1585,5;658,8;2689,5;1411,2;5879,4;8617,8;14,2;385,2;2765,7;1302,7;0;0;1463;;
ДВФО;Магаданская область;3;56442,9;49791,1;38634,4;414,7;10742;6004,7;503,8;151,5;2588;0;636,1;2125,3;34;613,1;694,6;0;0;0;694,6;1;0
ДВФО;Магаданская область;4;55061,9;49358,1;38274,4;414,7;10669;5142,7;491,8;151,5;2588;0;603,1;1308,3;26;535,1;694,6;0;0;0;694,6;;
ДВФО;Магаданская область;5;51881,2;46356,3;35957,9;278,4;10120;4989,4;435;151,5;2588;0;575,3;1239,6;26;509,5;629,8;0;0;0;629,8;;
ДВФО;Приморский край;3;316919,9;177165,7;146586,2;4238,1;26341,4;124343,8;2467,4;1465,6;14046,3;19876,4;13558,8;72929,3;5185,7;10224,7;126804,2;116302,8;0;59,1;10442,3;3;16843,8
ДВФО;Приморский край;4;208414,6;127521,2;107425,9;3069;17026,3;74706;418,1;1048,4;8808,8;953,1;7793,7;55683,9;5125,6;1061,8;124299,4;115597,1;0;0;8702,3;;
ДВФО;Приморский край;5;77442,5;66462,8;51316,1;65,6;15081,1;10039,9;0;0;2925,7;953,1;185,6;5975,5;0;939,8;469,8;240,4;0;0;229,4;;
ДВФО;Республика Бурятия;3;11629,1;6865,7;5383,1;0;1482,6;2417,2;137,6;6,7;18;774,3;0;1480,6;0;2346,2;0;0;0;0;0;0;0
ДВФО;Республика Бурятия;4;7870,5;4944,9;3841,1;0;1103,8;1754,7;100,3;6,7;18;659,1;0;970,6;0;1170,9;0;0;0;0;0;;
ДВФО;Республика Бурятия;5;0;0;0;0;0;0;0;0;0;0;0;0;0;0;0;0;0;0;0;;
ДВФО;Республика Саха (Якутия);3;277557,6;198482,1;156854,6;4243,9;37383,6;53310,4;2028,1;4162;7974;3059;5896,9;30190,4;502,2;25262,9;552,5;0;0;0;552,5;0;0
ДВФО;Республика Саха (Якутия);4;188508,2;143831,5;110968,5;4039,3;28823,7;42699,4;1073,7;3873,5;6461,9;792,4;5896,9;24601;355,7;1621,6;552,5;0;0;0;552,5;;
ДВФО;Республика Саха (Якутия);5;183119,5;141771,2;109553,6;4028,8;28188,8;39758,2;1068,5;3866,5;6434,6;785;5693,4;21910,2;0;1590,1;552,5;0;0;0;552,5;;
ДВФО;Сахалинская область;3;352098,2;172920,1;128765,1;5861,5;38293,5;148956,5;765,8;8734,9;2921,3;33538,3;7683,5;95312,7;2234,5;27987,1;165220,8;145803,2;0;0;19417,6;1;3689,6
ДВФО;Сахалинская область;4;230010,9;122479,4;91305,5;4827,7;26346,2;84827,7;408,5;8649,9;2381,3;3715,5;3511,9;66160,6;2115,7;20588,1;163830,7;145803,2;0;0;18027,5;;
ДВФО;Сахалинская область;5;185866,3;107611,2;79086,6;3886,5;24638,1;70199,3;277,5;8624,1;1629;1505;2145,7;56018;0;8055,8;36528,1;25735,2;0;0;10792,9;;
ДВФО;Хабаровский край;3;1989695;1294852,6;986557,5;196033,7;112261,4;593628,8;20678,7;20657,4;102967,9;48921,6;37479,3;362923,9;197;101016,6;20064,4;6445,7;0;0;13618,7;7;12503,7
ДВФО;Хабаровский край;4;572836,9;337013,2;259829,1;3147,5;74036,6;156485,2;2372,4;15545,1;7211,3;1126,6;27235,5;102994,3;21,2;79317,3;8288,1;4183,7;0;0;4104,4;;
ДВФО;Хабаровский край;5;462854,9;334370,9;259207,4;2424,8;72738,7;104492,1;2372,2;7987;7187,6;997,8;14622,7;71324,8;21,2;23970,7;6004,2;2250,1;0;0;3754,1;;
ДВФО;Чукотский автономный округ;3;74141,8;60805,4;45721,9;2545,6;12537,9;12950,5;265,5;388,8;1076,6;453,4;271;10495,2;0;385,9;2329,4;1221,1;0;0;1108,3;1;802,9
ДВФО;Чукотский автономный округ;4;74141,8;60805,4;45721,9;2545,6;12537,9;12950,5;265,5;388,8;1076,6;453,4;271;10495,2;0;385,9;2329,4;1221,1;0;0;1108,3;;
ДВФО;Чукотский автономный округ;5;67978,7;58573,3;45721,9;313,5;12537,9;9337,8;265,5;350,8;1076,6;453,4;271;6920,5;0;67,6;1646,9;779,2;0;0;867,7;;
ПФО;Кировская область;3;237363,1;152017,9;127612,2;2680,1;21725,6;74642,4;1483,8;943,5;12769,8;7635,9;14465;37344,4;1733,7;8969,1;11023,7;5838,6;0;0;5185,1;3;16254,9
ПФО;Кировская область;4;120084,1;90677,8;79482,5;2306,8;8888,5;27039,4;709,2;176,1;6667,4;0;9501,5;9985,2;1633,1;733,8;6942,9;4179,2;0;0;2763,7;;
ПФО;Кировская область;5;15067,5;11954,1;9136,8;14;2803,3;2821,5;336,4;50,1;783,6;0;448,8;1202,6;0;291,9;33,2;0;0;0;33,2;;
ПФО;Нижегородская область;3;644179,1;497710;384254,8;4528,6;108926,6;114019,2;4267,5;827,5;34868,4;2831,6;18197;53027,2;37,8;32412,1;29910,9;11455,5;254;0;18201,4;6;139050,4
ПФО;Нижегородская область;4;335865,6;262549,5;202497,8;525,3;59526,4;61193,9;2468,1;73,6;23476,2;151,8;7730,8;27293,4;26,2;12096;10002,8;5640;0;0;4362,8;;
ПФО;Нижегородская область;5;328486,4;260380,8;200706,2;525,3;59149,3;57068,5;2425,8;73,6;22122,9;140;7180,8;25125,4;26,2;11010,9;8989,5;4789,3;0;0;4200,2;;
ПФО;Оренбургская область;3;278385,3;149658,6;114996,5;2972;31690,1;81378;2552,3;1540,3;7254,6;20633,4;4265,2;45132,2;1491,8;45856,9;5128;1129;0;0;3999;2;749,5
ПФО;Оренбургская область;4;38071;25823,6;19443,4;0;6380,2;11920;371,7;225,9;695,4;1690,4;0;8936,6;0;327,4;407;0;0;0;407;;
ПФО;Оренбургская область;5;8339,8;5194,9;3918,2;0;1276,7;3093,4;49;0;695,4;0;0;2349;0;51,5;407;0;0;0;407;;
ПФО;Пензенская область;3;413641,9;239021;189103,2;2813,1;47104,7;124840,8;4158,7;2646,3;17651,8;14870,9;11640,9;73872,2;1389,4;48390,7;22774,3;12065,6;0;0;10708,7;2;3291
ПФО;Пензенская область;4;224361,6;144369,7;115321,4;1124,5;27923,8;70840,4;1685,7;248,6;9848,3;269,1;6355,7;52433;565,5;8586;12614,8;8936,3;0;0;3678,5;;
ПФО;Пензенская область;5;148184,4;107412,4;82406;443,9;24562,5;38361,5;990;56,1;9051,9;0;1958;26305,5;0;2410,5;3238,9;1315;0;0;1923,9;;
ПФО;Пермский край;3;859753,4;416622,9;325917,4;8092,2;82613,3;325143,9;11379,6;11455,4;8264;76860,7;17710;199474,2;3128,8;114857,8;6729,5;3419,5;0;0;3310;6;0
ПФО;Пермский край;4;83363,3;68737,4;53331,9;347,6;15057,9;13243,9;701,1;630,2;1927,1;1185,8;4495,1;4304,6;45,1;1336,9;3588,8;1617,3;0;0;1971,5;;
ПФО;Пермский край;5;48494;41982,7;32064,1;148,4;9770,2;6316,8;344,8;49,3;1389,3;0;2296,7;2236,7;12,2;182,3;2644,4;988,4;0;0;1656;;
ПФО;Республика Башкортостан;3;429233;295591,8;236077;2788,4;56726,4;98723,1;2757;478,2;16899,2;20265,3;21902,9;36420,5;1398,6;33519,5;37369,4;17726,3;0;862,9;18780,2;1;2186
ПФО;Республика Башкортостан;4;46905,2;43552;33748,8;7;9796,2;3289,2;153,7;0;1711,5;350;649;425;0;64;316,7;134,5;0;0;182,2;;
ПФО;Республика Башкортостан;5;45369,2;42321,9;32518,7;7;9796,2;2983,3;153,7;0;1560,6;350;494;425;0;64;109;109;0;0;0;;
ПФО;Республика Марий Эл;3;114331,3;61044,8;47064,6;517,3;13462,9;44333,5;843,6;680,4;4404,4;8881,8;1012;28511,3;0;8953;449,9;7;0;0;442,9;3;2508,5
ПФО;Республика Марий Эл;4;33047,1;29421,7;22347,9;135,5;6938,3;2686,2;42,1;4,5;1811,2;237;3,2;588,2;0;939,2;0;0;0;0;0;;
ПФО;Республика Марий Эл;5;31745,7;29215,4;22297;0;6918,4;2110;0;0;1807,5;160;0;142,5;0;420,3;0;0;0;0;0;;
ПФО;Республика Мордовия;3;178403,4;105817,8;83815;539,9;21462,9;35488,2;1536,3;67,2;9617;5155,3;2273,4;16839;201,9;36895,5;17941,3;11732,1;0;0;6209,2;0;48
ПФО;Республика Мордовия;4;44025,1;31438,8;23442,5;0;7996,3;7863,7;29,9;35,9;2129,9;0;15;5653;0;4722,6;11326,6;10774;0;0;552,6;;
ПФО;Республика Мордовия;5;36814,8;31438,8;23442,5;0;7996,3;3850;29,9;0;2129,9;0;15;1675,2;0;1526;20;0;0;0;20;;
ПФО;Республика Татарстан;3;1522867,4;691540,9;533888,3;13613,8;144038,8;723677,3;7802,3;5731,6;47158,9;28237,6;43432,1;591314,8;3001,4;104647,8;56844,1;34323,5;292;0;22228,6;6;16946,7
ПФО;Республика Татарстан;4;962651,2;353088,8;280153,9;613,5;72321,4;583962,2;2701,1;1193,2;28469,3;2934,8;28203,3;520460,5;783,4;24816,8;33660,8;24430,5;0;0;9230,3;;
ПФО;Республика Татарстан;5;332548;273160;209072,4;281,3;63806,3;48909,5;1958,8;633,1;17050,6;277,2;7309,2;21680,6;0;10478,5;13299,9;11879;0;0;1420,9;;
ПФО;Самарская область;3;1639062,7;927278;724865,7;6252,6;196159,7;523530,2;16859,8;12742,9;35128,2;114088,1;48776,4;295934,8;2880,8;185373,7;44821,6;12647,7;896,4;0;31277,5;19;1367,1
ПФО;Самарская область;4;579860,3;466674;358653,2;905,2;107115,6;102391,5;5996,9;3301,6;18518,3;1295,3;15200,6;58078,8;0;10794,8;21906,2;5582,4;132,2;0;16191,6;;
ПФО;Самарская область;5;442709,2;367939,5;282559,4;676,3;84703,8;67788,6;3624,3;2885,3;17875,7;775,6;10079,3;32548,4;0;6981,1;11198,5;3240,4;132,2;0;7825,9;;
ПФО;Саратовская область;3;167733,8;88604,8;72869,5;33,9;15701,4;65990,3;3431,8;1721,8;2773,3;21906,6;2523,2;33633,6;701;12437,7;1558;1554,6;0;0;3,4;1;0
ПФО;Саратовская область;4;16892,2;9194,1;6978,4;13,4;2202,3;4278,1;124,9;41;792,4;49,3;427,6;2842,9;0;3420;3,4;0;0;0;3,4;;
ПФО;Саратовская область;5;15201,8;8755,5;6620,3;13,4;2121,8;3466,9;106,8;0;758,7;0;427,6;2173,8;0;2979,4;3,4;0;0;0;3,4;;
ПФО;Удмуртская Республика;3;209428;90887,1;70445,8;988,4;19452,9;89170,6;2574,9;667,2;4540,2;25334,3;1486,6;54567,4;1213,6;28156,7;3431,3;1417,6;20,4;0;1993,3;0;2395
ПФО;Удмуртская Республика;4;39994,5;21328,5;16411,8;53,8;4862,9;17801,7;1,9;215,8;880,6;0,1;0;16703,3;0;864,3;831;305,6;0;0;525,4;;
ПФО;Удмуртская Республика;5;22155,3;21274,7;16411,8;0;4862,9;880,6;0;0;880,6;0;0;0;0;0;0;0;0;0;0;;
ПФО;Ульяновская область;3;119064,4;56586,6;44459,4;516;11611,2;45534,8;897,8;373;1400,4;15987;4168,5;22708,1;7;16936;0;0;0;0;0;0;0
ПФО;Ульяновская область;4;21615,5;10929,8;8694;71,9;2163,9;3475;169;0;573,4;0;1112,3;1620,3;0;7210,7;0;0;0;0;0;;
ПФО;Ульяновская область;5;1611;1125,3;1098,2;24,8;2,3;341;15;0;208,6;0;0;117,4;0;144,7;0;0;0;0;0;;
ПФО;Чувашская Республика — Чувашия;3;244854;150918,9;116357,9;1584,1;32976,9;86656,5;1637,6;842,1;7650,2;23768,5;11736,3;41021,8;1456,3;5822,3;25750,3;4449,8;1210,4;0;20090,1;2;365,3
ПФО;Чувашская Республика — Чувашия;4;82167;56909,1;43715,2;170;13023,9;23112,2;170;248;3800,2;4856;1675,9;12362,1;1354;791,7;1400,8;1052,7;0;0;348,1;;
ПФО;Чувашская Республика — Чувашия;5;72697,1;56909,1;43715,2;170;13023,9;13642,3;170;0;2860,3;4856;1221,9;4534,1;1354;791,7;477,8;129,7;0;0;348,1;;
СЗФО;Архангельская область;3;240726,1;148416,5;110105,7;7846,1;30464,7;68442,5;4101,3;1635,4;11918;10504,1;3249,2;37034,5;493,1;23374;8126,7;2421,1;0;0;5705,6;1;0
СЗФО;Архангельская область;4;115326,4;85142,3;63191,6;3504,6;18446,1;25129,3;1554,2;453,6;2109,5;0;337,6;20674,4;90,5;4964,3;3701;1333,8;0;0;2367,2;;
СЗФО;Архангельская область;5;85455,8;81896,3;63191,6;258,6;18446,1;3267;485,7;0;2109,5;0;42,4;629,4;90,5;202;131,1;0;0;0;131,1;;
СЗФО;Вологодская область;3;252893,1;148277,7;117016,2;4510,3;26751,2;81581,9;2062,5;1178,3;6380;11778,9;5061,7;55120,5;430,6;22602,9;12133,5;9536,3;0;0;2597,2;2;4708,9
СЗФО;Вологодская область;4;95889,9;62736,8;49488,4;625,4;12623;30588,1;806,3;346,1;2908,2;0;2098,8;24428,7;30,8;2534,2;10049,9;8599,3;0;0;1450,6;;
СЗФО;Вологодская область;5;86924,4;62736,8;49488,4;625,4;12623;21622,6;806,3;185,1;2908,2;0;2098,8;15624,2;30,8;2534,2;996,8;168,8;0;0;828;;
СЗФО;Калининградская область;3;867401,4;400666,7;334745,5;14331;51590,2;239857,9;21160,8;7055,8;101826,2;13184,4;9719;86911,7;8043;218833,8;32322;24315,2;0;2,8;8004;6;3682,3
СЗФО;Калининградская область;4;115509,3;52550,8;40526,9;255,2;11768,7;59648,9;1368,3;3708,9;3078,4;340;4059,5;47093,8;0;3309,6;23764,1;17717,7;0;0;6046,4;;
СЗФО;Калининградская область;5;95474,6;49785,8;38098,4;255,2;11432,2;42388;1368,3;3043,2;3078,4;340;4059,5;30498,6;0;3300,8;7541,8;2387,9;0;0;5153,9;;
СЗФО;Ленинградская область;3;195228,6;134034,3;103364;994,1;29676,2;58885,9;366,3;374,7;2154,8;846,4;1488,9;53654,8;0;2308,4;5321,6;1228;0;0;4093,6;1;0
СЗФО;Ленинградская область;4;172436,1;128492,2;99091,4;847,5;28553,3;42057,8;334,3;359,7;1625,3;656,5;1177,4;37904,6;0;1886,1;4424,7;1054,8;0;0;3369,9;;
СЗФО;Ленинградская область;5;140038,7;128492,2;99091,4;847,5;28553,3;11308,3;334,3;30,1;1625,3;0;727,9;8590,7;0;238,2;1841,1;1054,8;0;0;786,3;;
СЗФО;Мурманская область;3;286926,8;190796,1;148021,1;3684;39091;83312;3235,2;2337,7;5625;7896,9;7668,1;56549,1;41,4;12777,3;15128,6;11870,7;0;0;3257,9;1;0
СЗФО;Мурманская область;4;147696,5;101495,6;76961,5;2767;21767,1;44813,3;749;0;4207,7;489,7;3202;36164,9;0;1387,6;10631,7;8433,7;0;0;2198;;
СЗФО;Мурманская область;5;119632,1;99539;76852,8;967,7;21718,5;18705,5;749;0;4207,7;489,7;881,9;12377,2;0;1387,6;2005,9;1193,9;0;0;812;;
СЗФО;Ненецкий автономный округ;3;0;0;0;0;0;0;0;0;0;0;0;0;0;0;0;0;0;0;0;0;0
СЗФО;Ненецкий автономный округ;4;0;0;0;0;0;0;0;0;0;0;0;0;0;0;0;0;0;0;0;;
СЗФО;Ненецкий автономный округ;5;0;0;0;0;0;0;0;0;0;0;0;0;0;0;0;0;0;0;0;;
СЗФО;Новгородская область;3;66240;44823,6;35397;300,4;9126,2;17866,6;647,1;145,5;3916,7;1182;3055,2;8920,1;673,4;2876,4;4138,7;303,3;0;0;3835,4;2;2000
СЗФО;Новгородская область;4;24674,5;21786,3;16884,6;20,7;4881;2626,2;205,5;0;1630,6;0;180,3;609,8;0;262;249;0;0;0;249;;
СЗФО;Новгородская область;5;22534,6;20083,7;15537,9;8,9;4536,9;2189,9;204,7;0;1625,4;0;20;339,8;0;261;249;0;0;0;249;;
СЗФО;Псковская область;3;98747,1;70418,6;54304,6;526,3;15587,7;23881,8;819,4;213,6;3504;3832,8;7119,1;8392,9;224;4222,7;2925,8;70,1;0;0;2855,7;0;0
СЗФО;Псковская область;4;30090,1;25087,9;18730,5;525,3;5832,1;4812;266,2;108,6;918,4;0;454,5;3064,3;0;190,2;462,9;0;0;0;462,9;;
СЗФО;Псковская область;5;26422;24730,8;18730,5;168,2;5832,1;1634,6;258,7;0;916,9;0;128,2;330,8;0;56,6;216,9;0;0;0;216,9;;
СЗФО;Республика Карелия;3;239897,5;127337,3;102105,8;1262,4;23969,1;94714,7;1854,2;901;5513,7;30333,5;3202,6;52909,7;300,2;17545,3;6184,1;4596,4;0;0;1587,7;2;5432,7
СЗФО;Республика Карелия;4;44922,5;29509,7;22683;246,4;6580,3;14991,8;137,2;0;1740;0;1793,6;11321;178,8;242,2;910,8;529,1;0;0;381,7;;
СЗФО;Республика Карелия;5;37279,1;23538,8;18204;78;5256,8;13396,7;72;0;1225,8;0;1135,5;10963,4;112;231,6;179,4;77,4;0;0;102;;
СЗФО;Республика Коми;3;264759,7;183882,6;138434,7;5555,9;39892;59061,9;2437,2;2296,4;11224,5;3395,3;11925,6;27782,9;264,9;21550,3;13696,4;4131,5;0;0;9564,9;4;6142,7
СЗФО;Республика Коми;4;117942,3;93667,6;69329,2;2196,4;22142;15540;322,8;328,8;2767,6;119,6;2579,6;9421,6;262,9;8471,8;3523;1036,9;0;0;2486,1;;
СЗФО;Республика Коми;5;104904,3;92008,7;68329,2;1849,5;21830;11733,4;322,8;0;2450,6;119,6;2535,5;6304,9;262,9;899,3;3215,7;1010,5;0;0;2205,2;;
СЗФО;Санкт-Петербург;3;2440506,4;1691122,5;1315114,9;19652,8;356354,8;549957,1;69795,9;12431,5;64424,4;78037,3;67148,5;258119,5;8069,7;191357,1;58423,5;30248,5;50,5;302,2;27822,3;17;18875
СЗФО;Санкт-Петербург;4;1323493;1054268,5;824109;7251,6;222907,9;239054,7;4779,8;7054;43376,7;0;40209,5;143634,7;5894,1;24275,7;34287,7;23675,3;0;0;10612,4;;
СЗФО;Санкт-Петербург;5;976343,4;839476,7;650610,6;1313,6;187552,5;133600;4112,5;7020,5;28863,6;0;18421,5;75181,9;267,5;2999,2;28004,7;17623;0;0;10381,7;;
СКФО;Кабардино-Балкарская Республика;3;139568,3;91336,6;70395,2;1131,6;19809,8;36023,6;1467,5;1094,7;3085,4;3740;5595,1;21040,9;225;11983,1;100574,9;78921,7;13002,2;0;8651;2;0
СКФО;Кабардино-Балкарская Республика;4;49616,4;35949,2;27574,2;294,1;8080,9;13198,9;328;0;542,8;103,7;577,1;11647,3;0;468,3;74975,6;66321,3;440;0;8214,3;;
СКФО;Кабардино-Балкарская Республика;5;39134,6;30895,5;23826,3;0;7069,2;7889,3;107,8;0;472,8;103,7;577,1;6627,9;0;349,8;5129,5;2003;440;0;2686,5;;
СКФО;Карачаево-Черкесская Республика;3;33814,5;25263,2;19447;0;5816,2;8150,8;340;0;808,2;0;2018,8;4983,8;0;400,5;1137,5;725,5;0;0;412;0;0
СКФО;Карачаево-Черкесская Республика;4;29574,1;22075,2;16973;0;5102,2;7386,9;340;0;808,2;0;1808,8;4429,9;0;112;112;0;0;0;112;;
СКФО;Карачаево-Черкесская Республика;5;29574,1;22075,2;16973;0;5102,2;7386,9;340;0;808,2;0;1808,8;4429,9;0;112;112;0;0;0;112;;
СКФО;Республика Дагестан;3;22080;17697;12860;1176;3661;2399,9;91,1;56;408;680;340;824,8;340;1643,1;4087,4;1197,4;182;0;2708;1;0
СКФО;Республика Дагестан;4;6511;5553;4272;107;1174;707,9;1,1;0;200;0;0;506,8;0;250,1;118,4;118,4;0;0;0;;
СКФО;Республика Дагестан;5;6511;5553;4272;107;1174;707,9;1,1;0;200;0;0;506,8;0;250,1;118,4;118,4;0;0;0;;
СКФО;Республика Ингушетия;3;2652,9;2469,9;1897;0;572,9;183;26,9;0;156,1;0;0;0;0;0;0;0;0;0;0;0;0
СКФО;Республика Ингушетия;4;2652,9;2469,9;1897;0;572,9;183;26,9;0;156,1;0;0;0;0;0;0;0;0;0;0;;
СКФО;Республика Ингушетия;5;0;0;0;0;0;0;0;0;0;0;0;0;0;0;0;0;0;0;0;;
СКФО;Республика Северная Осетия — Алания;3;4059,5;2761,6;2721,6;0;40;1111,9;34,2;0;94;135;848,7;0;0;186;0;0;0;0;0;0;0
СКФО;Республика Северная Осетия — Алания;4;0;0;0;0;0;0;0;0;0;0;0;0;0;0;0;0;0;0;0;;
СКФО;Республика Северная Осетия — Алания;5;0;0;0;0;0;0;0;0;0;0;0;0;0;0;0;0;0;0;0;;
СКФО;Ставропольский край;3;280351,7;149454,9;116667,8;1439,8;31347,3;94101,2;2337;2806,1;5008;23498,3;8742,8;51709;11,2;36784,4;103250,8;93057,7;95;0;10098,1;4;4384
СКФО;Ставропольский край;4;109360,1;57630,5;44115;164,3;13351,2;44145,7;1262,4;1751,6;3118,4;3053;2306;32654,3;0;7583,9;94692,6;85946,1;0;0;8746,5;;
СКФО;Ставропольский край;5;88703,8;55390,6;42424,2;92,2;12874,2;33003,5;1252,6;609;2553,5;3053;2207,8;23327,6;0;309,7;8385,8;1509;0;0;6876,8;;
СКФО;Чеченская Республика;3;72870,1;45228,7;34737,9;0;10490,8;26533,4;244,3;450;727,9;0;3208,7;21902,5;0;1108;8103,3;795;0;0;7308,3;1;0
СКФО;Чеченская Республика;4;72870,1;45228,7;34737,9;0;10490,8;26533,4;244,3;450;727,9;0;3208,7;21902,5;0;1108;8103,3;795;0;0;7308,3;;
СКФО;Чеченская Республика;5;54117,3;45228,7;34737,9;0;10490,8;7901,4;244,3;150;727,9;0;3153,2;3626;0;987,2;1256,4;0;0;0;1256,4;;
СФО;Алтайский край;3;81130,1;51178,4;40093,8;551,2;10533,4;21365,8;656,5;527,1;7553,7;1947,6;2426;8254,9;67,7;8518,2;6538,6;213,7;0;0;6324,9;2;5759,8
СФО;Алтайский край;4;43844,5;30924,7;23653;286,1;6985,6;8717,8;231,9;24;2585,8;1166,3;956,6;3753,2;0;4202;2050,3;117,3;0;0;1933;;
СФО;Алтайский край;5;33024,5;25823,7;19670,9;286,1;5866,7;4792,7;160,7;0;2395,8;0;831,6;1404,6;0;2408,1;2050,3;117,3;0;0;1933;;
СФО;Иркутская область;3;564982,3;387661,6;302602,9;6726,2;78332,5;157789,6;25829,3;6292,6;12826,4;4766,1;19355,8;88719,4;1453;18078,1;60452,4;30432,1;45,5;0;29974,8;1;1820
СФО;Иркутская область;4;433953,9;284144;225616;4507;54021;134627,9;24771,5;3639,7;11338,7;1731,9;10614,3;82531,8;1453;13729;53104,7;24839,7;45,5;0;28219,5;;
СФО;Иркутская область;5;225280,5;207701,7;160124,7;514,8;47062,2;15060,6;523,3;517,8;8287,2;1731,9;1810,9;2189,5;0;2518,2;2848,8;1935,3;45,5;0;868;;
СФО;Кемеровская область;3;580974,6;448731,4;344917,8;3341,5;100472,1;104133,7;2308,8;1450,1;23250,5;2090,9;20867,9;54165,5;10822,8;17286,7;23285;8231,6;0;0;15053,4;2;1101,2
СФО;Кемеровская область;4;424087,9;348955;268499,1;414,9;80041;57699,3;741,5;275,8;11239;779,3;16806;27857,7;10445;6988,6;9782,9;1245,3;0;0;8537,6;;
СФО;Кемеровская область;5;327711;298534,6;229651,3;192,4;68690,9;26207,5;561,9;19,8;10019,5;0;1828,3;13778;0;2968,9;7998,8;858,8;0;0;7140;;
СФО;Красноярский край;3;901288,2;671681;528114,2;13773;129793,8;179223,1;6576,4;8237;23725,9;12265,5;34955,6;93462,7;4996,6;45387,5;74345,7;13286,7;1284;36649;23126;7;12954
СФО;Красноярский край;4;358314,4;272799,2;215897,6;3969,4;52932,2;76296,8;1457,2;3870,9;10634,8;1498,4;10517,5;48318;1486,6;7731,8;20078,9;8559,3;0;0;11519,6;;
СФО;Красноярский край;5;251650;202537,7;155102,2;1861,2;45574,3;46050,7;1223,2;3172,9;6556,3;398,1;4225;30475,2;308,7;2752,9;6684,7;0;0;0;6684,7;;
СФО;Новосибирская область;3;2362843,3;2009412,5;1878655;10558,5;120199;254415,7;6573,5;7628,6;15662,5;58984,3;33669,3;131897,5;1954,6;97060,5;30377,6;16530,2;640,1;0;13207,3;9;4180,6
СФО;Новосибирская область;4;309208,5;238823,3;182128,8;909,9;55784,6;37677,5;1342,5;1619,9;4377,6;1159,3;10552,3;18625,9;0;32707,7;16180,5;10452,7;0;0;5727,8;;
СФО;Новосибирская область;5;182479,3;164723,2;125410,5;792,4;38520,3;14695,6;693;538,5;3713,6;50;2792,1;6908,4;0;3060,5;7106,3;4163,3;0;0;2943;;
СФО;Омская область;3;436131;267950,5;208454;3070,3;56426,2;139855,4;2518,8;1518,3;13631,5;22871,6;15134,3;84180,9;4;28321,1;28990,1;9325,2;0;0;19664,9;4;0
СФО;Омская область;4;141517,3;104724,3;79417;1421,8;23885,5;29402,8;918,2;394,1;8133,3;1605;7184,9;11167,3;0;7390,2;7732,8;2583,8;0;0;5149;;
СФО;Омская область;5;116511,4;92284,3;70588,9;414,5;21280,9;22893,8;824,2;345;8041,4;0;4690,9;8992,3;0;1333,3;4908,8;1128,8;0;0;3780;;
СФО;Республика Алтай;3;19108,5;15345,6;11489,7;465,8;3390,1;3641,6;174,7;199,3;18,9;81,8;484;2682,9;0;121,3;969,7;511,1;0;0;458,6;0;0
СФО;Республика Алтай;4;18222,9;14635,1;10939,1;465,8;3230,2;3498,1;166,1;199,3;18,9;0;484;2629,8;0;89,7;969,7;511,1;0;0;458,6;;
СФО;Республика Алтай;5;13644,9;12591,9;9560,8;212;2819,1;995,4;102,7;88,8;0,2;0;260,8;542,9;0;57,6;107,1;2,7;0;0;104,4;;
СФО;Республика Тыва;3;45495,2;34436,7;28315;150,1;5971,6;9475,1;87,3;212,2;428;20;18;8709,6;0;1583,4;0;0;0;0;0;0;0
СФО;Республика Тыва;4;45495,2;34436,7;28315;150,1;5971,6;9475,1;87,3;212,2;428;20;18;8709,6;0;1583,4;0;0;0;0;0;;
СФО;Республика Тыва;5;40695,2;34409,2;28315;122,6;5971,6;5780;87,3;0;428;10;4,4;5250,3;0;506;0;0;0;0;0;;
СФО;Республика Хакасия;3;120588,5;82936,2;61838,3;706;20391,9;25295,8;792,4;544,4;4150,4;4289,4;1975,9;13543,3;132,6;12223,9;16865,1;1210,9;0;0;15654,2;1;0
СФО;Республика Хакасия;4;73267,3;60980,6;45398,1;128,9;15453,6;8145,1;273;19,9;3504,2;416,6;366,6;3564,8;0;4141,6;452,5;89,5;0;0;363;;
СФО;Республика Хакасия;5;62173,5;54142,1;41706,7;90,9;12344,5;5694,8;267,5;0;2779,2;0;361,6;2286,5;0;2336,6;371,5;60,5;0;0;311;;
СФО;Томская область;3;137551,5;105825,3;92963,3;2520,7;10341,3;28380,5;632,6;0;5763,9;0;5835,5;16148,5;1762,9;1582,8;3904,6;2747,6;0;0;1157;0;0
СФО;Томская область;4;130627,9;101620,1;89857,6;2361,2;9401,3;25772,1;589,3;0;5307,4;0;5546,4;14329;1762,9;1472,8;3859,5;2747,6;0;0;1111,9;;
СФО;Томская область;5;31737,7;25873;19909,1;40,5;5923,4;4962,8;376,2;0;1064;0;705,8;2816,8;0;901,9;1462,4;642,4;0;0;820;;
УФО;Курганская область;3;168971,5;83373,2;66048,6;614,6;16710;76773,3;2090;935,8;6161,1;4721,6;8039;54825,8;41,8;8783,2;3054,8;618,2;100;50;2286,6;1;0
УФО;Курганская область;4;44039;40132,2;30865;36,2;9231;3199,5;10,3;0;712;0,1;128,7;2348,4;0;707,3;224;0;0;0;224;;
УФО;Курганская область;5;35501;33913;26108;3;7802;1493;0;0;712;0;0;781;0;95;6;0;0;0;6;;
УФО;Свердловская область;3;588727,9;274459,2;214881,4;5085,9;54491,9;217426,7;3151,7;1535,2;17070,1;12577;23354,3;159738,4;1668,2;95173,8;81886,9;56298,9;556;0;25032;4;16610,5
УФО;Свердловская область;4;337586,7;153414;123077,8;2378,7;27957,5;150399;1370,5;41;9425,8;0;10568,3;128993,4;1668,2;32105,5;70764,9;49988,4;0;0;20776,5;;
УФО;Свердловская область;5;180008,2;81819,3;62081,9;918,3;18819,1;88621,3;1045,9;0;4748,6;0;2894,6;79932,2;0;9567,6;11816,1;1317,1;0;0;10499;;
УФО;Тюменская область;3;2735510,6;931286,3;735709,2;19585,7;175991,4;522657;7659,2;22847;42505;81480,8;70346,4;297818,6;4546,9;1277020,4;158683,1;57410;0;25151;76122,1;7;7379,7
УФО;Тюменская область;4;778040,1;426296,7;348131,6;7771,1;70394;340396,2;3621;19714,8;36506,9;751,5;60309,1;219492,9;2456,3;8890,9;95126;45167;0;0;49959;;
УФО;Тюменская область;5;342910,1;252748,4;191804,4;2511,1;58432,9;89305,3;2583,6;2283,7;11353,5;0;9819,3;63265,2;69,6;786,8;47480,7;10488,5;0;0;36992,2;;
УФО;Ханты-Мансийский автономный округ — Югра;3;490075;255313,9;192409,9;10474,9;52429,1;203202,1;9633,1;3946,6;5789,2;34256,8;24054,7;125521,7;949,8;30609,2;21278,2;7246,3;177,9;0;13854;1;3868
УФО;Ханты-Мансийский автономный округ — Югра;4;218290,7;151916,7;115190,9;4457,8;32268;64467,4;7038,9;1642,8;2115,2;0;3152,4;50518,1;519,2;1387,4;15095,2;6430;177,9;0;8487,3;;
УФО;Ханты-Мансийский автономный округ — Югра;5;218156,7;151783,7;115079,9;4457,8;32246;64466,4;7038,9;1642,8;2115,2;0;3152,4;50517,1;519,2;1387,4;15095,2;6430;177,9;0;8487,3;;
УФО;Челябинская область;3;777494,8;452175,6;355117,9;4893,7;92164;252629,6;7909,9;6947,5;15070,6;53774,5;17275,8;151651,3;1425,1;71264,5;40315;20482,4;265,5;0;19567,1;9;4726
УФО;Челябинская область;4;350158;247382,4;191410,2;1076,3;54895,9;90284,6;2772,1;2760,4;11105,9;155,5;11043;62447,7;1037,8;11453,2;30843,9;17458,3;5,5;0;13380,1;;
УФО;Челябинская область;5;251878,4;205535,8;159305,4;1064,1;45166,3;40726,5;2523,8;57,2;11105,9;0;4190,4;22849,2;981,6;4634,5;6800,2;2154,5;0;0;4645,7;;
УФО;Ямало-Ненецкий автономный округ;3;300392,2;171586,2;129401,1;7441,2;34743,9;106216,6;2119,6;7448,6;3723,7;32553,3;2651,7;57719,7;352,4;22237;5060,7;744,4;9,6;0;4306,7;3;0
УФО;Ямало-Ненецкий автономный округ;4;176431,5;114303,1;85040,2;7395,5;21867,4;55002,3;1255,9;3968;0;7293;760,8;41724,6;50;7076,1;3457;291;0;0;3166;;
УФО;Ямало-Ненецкий автономный округ;5;121710;84574;61654;6867;16053;30018;866;3968;0;539;335;24310;50;7068;3457;291;0;0;3166;;
ЦФО;Белгородская область;3;122337,6;97398,1;75417;47,9;21933,2;7547,4;769;0;3677,3;1001,8;842,6;1256,7;10,1;17382;8348,8;2440,1;1902,9;0;4005,8;2;4547,7
ЦФО;Белгородская область;4;87818,1;74058,5;56938,3;38;17082,2;2662,8;384,8;0;1876,3;0;124,1;277,6;0;11096,8;2919;1833,1;407,2;0;678,7;;
ЦФО;Белгородская область;5;87818,1;74058,5;56938,3;38;17082,2;2662,8;384,8;0;1876,3;0;124,1;277,6;0;11096,8;2919;1833,1;407,2;0;678,7;;
ЦФО;Брянская область;3;317541,6;157335,1;131550,8;1696;24088,3;123489;1821,9;7977,7;15105,8;20850,3;19715,9;58017,4;1884,9;34832,6;21851,3;7589,3;0;0;14262;3;0
ЦФО;Брянская область;4;141712,4;81029,2;71754,9;507,3;8767;53312,2;629;202;10981,1;650;18450,6;22399,5;1884,9;5486,1;8610,9;6037,8;0;0;2573,1;;
ЦФО;Брянская область;5;25746,3;22363,6;18057,9;8,8;4296,9;3202,2;80,9;106;608,7;0;25,1;2381,5;0;180,5;672,2;405,9;0;0;266,3;;
ЦФО;Владимирская область;3;30873,2;13650,4;10314,4;128,3;3207,7;13493,4;280,3;26,3;1258,4;1329,8;6112,6;4486;0;3729,4;1769,7;1237,3;532,4;0;0;0;0
ЦФО;Владимирская область;4;14335,8;8721,1;6656;68,3;1996,8;5081;118,3;0;224,7;0;1747,8;2990,2;0;533,7;1543,4;1093,7;449,7;0;0;;
ЦФО;Владимирская область;5;9586,5;8385,5;6450;1,5;1934;1117,1;118,3;0;224,7;0;205,4;568,7;0;83,9;237,5;0;237,5;0;0;;
ЦФО;Воронежская область;3;209408;107717,4;83825,6;431,7;23460,1;97735,7;1505,3;1309;6266,5;7345,9;4263,1;77045,9;52,1;3902,8;11388,8;7760,3;0;0;3628,5;0;900
ЦФО;Воронежская область;4;98775,7;58950,9;45382,6;97,5;13470,8;36990,2;500;343,5;4239,4;0;2205,3;29702;0;2834,6;4351,4;3502,9;0;0;848,5;;
ЦФО;Воронежская область;5;72282,5;57711,4;44430,9;97,5;13183;11914,3;500;267,5;4239,4;0;1228,1;5679,3;0;2656,8;181,5;22,9;0;0;158,6;;
ЦФО;Ивановская область;3;16697,1;10323,4;8411,4;3;1909;5021,3;85,1;0;1161,4;696,3;469,6;2608,9;0;1352,4;2589,1;16;0;0;2573,1;1;0
ЦФО;Ивановская область;4;2808;2009;1543;0;466;794;5;0;683;0;81;25;0;5;0;0;0;0;0;;
ЦФО;Ивановская область;5;2751;2009;1543;0;466;737;5;0;683;0;24;25;0;5;0;0;0;0;0;;
ЦФО;Калужская область;3;2013619,9;898959,7;615703,2;101204,1;182052,4;619839;8975;17511,3;43012;60563,9;93196,3;396580,5;9388,2;485433;17446,6;10477,6;59,1;0;6909,9;3;69809,9
ЦФО;Калужская область;4;252930;107452,8;83148,4;643,6;23660,8;92816,2;871,3;1848,3;5018,2;837,8;12888,4;71352,2;136,4;52524,6;14469,8;9416;59,1;0;4994,7;;
ЦФО;Калужская область;5;153033,7;100396,4;77641;619,1;22136,3;50341,2;864,3;1339,3;5018,2;837,8;12238;30043,6;136,4;2159,7;2009,6;90;15,4;0;1904,2;;
ЦФО;Костромская область;3;3821353,6;2678026,1;2053151,8;480,5;624393,8;985295,9;11016,6;391,6;712352,5;1819,2;183742,2;75973,8;17,1;158014,5;4567,2;2826,6;0;0;1740,6;0;0
ЦФО;Костромская область;4;3800309,7;2661959,6;2040406,2;447,9;621105,5;980580,4;10854,2;135;712314,4;10,4;183268,6;73997,8;17,1;157752,6;3322,7;2625,2;0;0;697,5;;
ЦФО;Костромская область;5;32885,6;31685,3;24262,6;39,9;7382,8;980;111,8;0;372,4;10,4;150,3;335,1;16,8;203,5;93,2;0;0;0;93,2;;
ЦФО;Курская область;3;215531,8;145490,5;113321,2;939,6;31229,7;55396,9;1255,1;99,4;9785;11803,5;2659,9;29794;141;14503,4;2396,6;884;0;0;1512,6;1;0
ЦФО;Курская область;4;107506,2;94919,6;72928;877,8;21113,8;9319,6;508,7;0;3006,1;569,8;445,8;4789,2;21,2;3245,8;1554,3;854,3;0;0;700;;
ЦФО;Курская область;5;85412,8;79670;61121,1;182,2;18366,7;5193,6;492,9;0;2666,9;0;292;1741,8;0;549,2;750,8;563,8;0;0;187;;
ЦФО;Липецкая область;3;84285,3;54780,2;41808,8;154,4;12817;22790,2;1846,9;41,6;5771,6;1213,5;4437,1;9479,5;0;6714,9;4353,9;2072,9;0;0;2281;2;1917,2
ЦФО;Липецкая область;4;47849,8;33479,9;25692,7;0;7787,2;12250,5;1419;0;3634;0;2899,2;4298,3;0;2119,4;2271,3;1357,7;0;0;913,6;;
ЦФО;Липецкая область;5;15440,8;9765;7502;0;2263;5331,4;1200;0;642,5;0;1309;2179,9;0;344,4;1296,4;665;0;0;631,4;;
ЦФО;Москва;3;16496566,5;8554124,1;6792061,9;94919,9;1667142,3;6797849,9;130851,1;30624,8;146139,6;2019867,2;617737,6;3852629,6;96946,8;1047645,7;1723186,5;1419284,5;34556,5;0;269345,5;6;114390,5
ЦФО;Москва;4;4220943,8;2624215,9;2067704,1;8243,4;548268,4;1329483,1;50575,9;8349,2;55947,9;66672,1;64130;1083808;56691,1;210553,7;1544011,9;1296983,1;30719,9;0;216308,9;;
ЦФО;Москва;5;3470431,2;2430341,5;1918548,3;3386,7;508406,5;933346;50218;3326;52829;15700,4;56751,9;754520,7;39903,1;66840,6;422789,2;332739,6;0;0;90049,6;;
ЦФО;Московская область;3;5083154,9;3681316,5;2897129,6;14104,9;770082;1156427,2;54828,7;33401,5;370949,4;172861,1;102103,6;422282,9;4955,3;240455,9;253859,8;88055,3;561;0;165243,5;11;25615,1
ЦФО;Московская область;4;1019729,9;541047,6;462032,7;4792;74222,9;381817;5926;12889,8;49280,2;58902,2;68843,1;185975,7;3052,2;93813,1;114861,9;59086,3;561;0;55214,6;;
ЦФО;Московская область;5;415419;225704,2;174032,2;1197,8;50474,2;179747;2925,1;6919;21458,5;36680,9;11183,1;100580,4;0;9967,8;17468,2;3033,1;441;0;13994,1;;
ЦФО;Орловская область;3;85610,8;65938,8;49825,5;2390,2;13723,1;18030,7;562,9;108,6;1114,9;2341,7;1636,7;12265,9;0;1641,3;1685,1;630,4;0;0;1054,7;1;0
ЦФО;Орловская область;4;47805,3;41383,4;31711;100,7;9571,7;5097,8;151;0;640,1;0;24;4282,7;0;1324,1;720;389;0;0;331;;
ЦФО;Орловская область;5;43253,6;41282,7;31711;0;9571,7;1970,9;151;0;640,1;0;24;1155,8;0;0;101,3;0;0;0;101,3;;
ЦФО;Рязанская область;3;52117,5;35352,9;29366,9;116,4;5869,6;11790,1;363,7;53,5;918,9;1014,5;2831;6608,5;0;4974,5;4717,2;400,9;0;0;4316,3;1;0
ЦФО;Рязанская область;4;13166,2;12097,7;9455,9;14;2627,8;1053,2;83,1;0;205,9;0;268,5;495,7;0;15,3;910,1;371,6;0;0;538,5;;
ЦФО;Рязанская область;5;3080,4;2391,2;1989,3;0;401,9;685,3;45,3;0;205,9;0;194,2;239,9;0;3,9;115,1;0;0;0;115,1;;
ЦФО;Смоленская область;3;3532;1453;1236;0;217;1902;12;240;302;698;464;186;0;177;0;0;0;0;0;0;0
ЦФО;Смоленская область;4;0;0;0;0;0;0;0;0;0;0;0;0;0;0;0;0;0;0;0;;
ЦФО;Смоленская область;5;0;0;0;0;0;0;0;0;0;0;0;0;0;0;0;0;0;0;0;;
ЦФО;Тамбовская область;3;144627,9;78042,4;62421,7;980,4;14640,3;55503,8;894,2;1651,6;9361,1;6591,3;3487,5;33518,1;18;11063,7;19923,5;13703,3;0;0;6220,2;0;0
ЦФО;Тамбовская область;4;78240,9;36850;28302,6;0;8547,4;41390,9;502;128,7;7628,8;204,2;2810,1;30117,1;0;0;16900,4;10881,7;0;0;6018,7;;
ЦФО;Тамбовская область;5;40012;29819;22902,4;0;6916,6;10193;432;0;5067,2;0;1464;3229,8;0;0;1461,7;366,6;0;0;1095,1;;
ЦФО;Тверская область;3;70914,3;50813,6;36302,5;1311,8;13199,3;16997,9;481;0;6739,1;740,5;1225,4;7811,9;51,8;3051;1709;494,6;0;0;1214,4;2;4031,5
ЦФО;Тверская область;4;57507,3;44979,3;33217,2;1222,9;10539,2;9942,5;308;0;5853,8;0;751,4;3029,3;0;2585,5;1192;474,5;0;0;717,5;;
ЦФО;Тверская область;5;53734;44241,1;32637,6;1222,9;10380,6;8511,9;290,1;0;5465,9;0;604,6;2151,3;0;981;905,4;467,3;0;0;438,1;;
ЦФО;Тульская область;3;190378,5;109360,5;87215,4;617,4;21527,7;46059,4;1256,3;5668;6124,6;21,2;8498,1;24491,2;214,8;34743,8;13092,3;3970,5;0;0;9121,8;2;2100
ЦФО;Тульская область;4;178934,3;102447,8;81942,1;540,4;19965,3;41632,6;1220,7;5668;5438,3;21,2;6475,5;22808,9;214,8;34639,1;12133,6;3259,3;0;0;8874,3;;
ЦФО;Тульская область;5;96565,1;80212,7;61173;337,9;18701,8;16278,9;408,5;0;1705,3;0;2981,3;11183,8;0;73,5;2003,4;1404,2;0;0;599,2;;
ЦФО;Ярославская область;3;383872;193505,5;147030,2;4665,5;41809,8;158271,4;1936,5;2898,7;8122,6;4685,1;11241,8;129386,7;464,6;31630,5;27126;16791,8;0;0;10334,2;7;4417,8
ЦФО;Ярославская область;4;222393,2;114175,6;87172,5;1205,6;25797,5;105554,3;830,9;601,4;2917,2;126,4;2679,1;98399,3;236,7;2426,6;18295,6;14127,7;0;0;4167,9;;
ЦФО;Ярославская область;5;132229;110661,9;84806,6;801,4;25053,9;19380,3;786,4;594;2917,2;0;1968,2;13114,5;0;2186,8;4451,1;1208;0;0;3243,1;;
ЮФО;Астраханская область;3;338965,6;161477,1;128990,7;1036,9;31449,5;153087,6;12322,9;10455,8;5692,9;17591,1;29389,3;77635,6;104,7;24296,2;34425,4;26103,3;0;0;8322,1;3;0
ЮФО;Астраханская область;4;65349,4;45924,3;35407,2;124,3;10392,8;19334;334,8;1055,6;2298,4;240;7097,2;8308;0;91,1;21899,2;20039,4;0;0;1859,8;;
ЮФО;Астраханская область;5;56852,6;45924,3;35407,2;124,3;10392,8;10913,3;334,8;259,9;2298,4;0;2307,4;5712,8;0;15;2033;771,7;0;0;1261,3;;
ЮФО;Волгоградская область;3;419068;206825;164398,2;2183,1;40243,7;196003,7;7518,7;1096,4;6647;24607;2956,3;153178,3;48,7;16190,6;50530,3;44687,4;0;0;5842,9;0;0
ЮФО;Волгоградская область;4;147755;95948,3;72808,1;763,8;22376,4;47142;296,6;0;5622,9;90,7;1144,7;39987,1;0;4664,7;48417,6;43323,6;0;0;5094;;
ЮФО;Волгоградская область;5;69452,5;61011,7;46531,1;364,6;14116;4453,5;72,5;0;1938,2;0;40,2;2402,6;0;3987,3;43015,5;40224,9;0;0;2790,6;;
ЮФО;Краснодарский край;3;2498362,1;1214138,7;931550,9;40193,1;242394,7;876142,6;42912,5;8866,8;30182,8;421904,6;37247,9;335028;6686;401394,8;171239,6;136865,5;101;12656,4;21616,7;8;5833
ЮФО;Краснодарский край;4;289972,7;119814;91609,4;1953,9;26250,7;154939,4;34298,8;3742,6;5733,8;11030,5;19740,9;80392,8;0;15219,3;42228;29584,2;0;11526;1117,8;;
ЮФО;Краснодарский край;5;167083,2;104389,9;78976,5;1903,9;23509,5;57790;33718,1;355,5;5445,6;1610;3881,1;12779,7;0;4903,3;31321,2;29160,6;0;1321,6;839;;
ЮФО;Республика Адыгея;3;268019,9;198228;153476,7;149,7;44601,6;26603,5;514;35;11134,5;7889,2;1615,2;5415,6;0;43188,4;2323,2;105,1;0;0;2218,1;1;0
ЮФО;Республика Адыгея;4;24521,2;18837,9;14392,7;149,7;4295,5;5191,1;275,4;22;1022;0;987,2;2884,5;0;492,2;807,4;46,9;0;0;760,5;;
ЮФО;Республика Адыгея;5;21974,2;18546,4;14186,7;125,9;4233,8;3192,6;251,9;0;1018;0;566,9;1355,8;0;235,2;286;0;0;0;286;;
ЮФО;Республика Калмыкия;3;28459,6;23484,8;18117,7;83,1;5284;4387,3;294,1;8;1643,5;69;511,9;1860,8;0;587,5;1064,7;140,4;0;0;924,3;1;452
ЮФО;Республика Калмыкия;4;22572,5;19593;15154,7;34,3;4404;2638,2;135,8;0;1517,5;0;402,1;582,8;0;341,3;213,6;59,9;0;0;153,7;;
ЮФО;Республика Калмыкия;5;22557,7;19593;15154,7;34,3;4404;2623,4;135,8;0;1517,5;0;402,1;568;0;341,3;128,4;6;0;0;122,4;;
ЮФО;Республика Крым;3;313198,8;213686,3;165802,9;2340,2;45543,2;75421,6;1267,8;2091,1;5860,3;25876,7;18454,9;21870,8;182,4;23908,5;13518,4;4045,1;19,2;0;9454,1;5;12848,4
ЮФО;Республика Крым;4;195042,9;158204,3;122324,9;1546,2;34333,2;29575;429;501;2988,3;12888,7;9182,9;3585,1;0;7263,6;5412,4;2062,4;0;0;3350;;
ЮФО;Республика Крым;5;145164,4;137876,2;107264,9;790,9;29820,4;6526,5;243,3;0;2441,2;105,2;1561,5;2175,3;0;761,7;4075;1958,4;0;0;2116,6;;
ЮФО;Ростовская область;3;1245781,1;413937,5;330298;5170,9;78468,6;744286,6;4897,2;701;20153,3;507274,1;82708,6;128552,4;574,7;86982,3;24420,1;8639;65,3;0;15715,8;2;17699,3
ЮФО;Ростовская область;4;202104,8;168386,6;136868;2008,4;29510,2;27698,8;703,5;71;5200,4;2,4;1830;19891,5;0;6019,4;12212,9;5306,7;20;0;6886,2;;
ЮФО;Ростовская область;5;107361,4;93624,5;71691,6;1206,7;20726,2;9236,4;637,7;0;2784;2,4;1507,5;4304,8;0;4500,5;4276,1;1169,2;20;0;3086,9;;
ЮФО;Севастополь;3;0;0;0;0;0;0;0;0;0;0;0;0;0;0;0;0;0;0;0;0;0
ЮФО;Севастополь;4;0;0;0;0;0;0;0;0;0;0;0;0;0;0;0;0;0;0;0;;
ЮФО;Севастополь;5;0;0;0;0;0;0;0;0;0;0;0;0;0;0;0;0;0;0;0;;
